1.0   -0.00246 
0.9966   -0.00158 
0.99314   -0.000709 
0.98961   0.000121 
0.98601   0.000904 
0.98235   0.001634 
0.97863   0.002312 
0.97484   0.002942 
0.97098   0.003521 
0.96706   0.004046 
0.96307   0.004517 
0.95902   0.004928 
0.9549   0.005282 
0.95072   0.005582 
0.94647   0.005828 
0.94216   0.006016 
0.93778   0.006149 
0.93333   0.006226 
0.92882   0.00625 
0.92425   0.006221 
0.91961   0.006137 
0.9149   0.005999 
0.91013   0.005804 
0.90529   0.005552 
0.90039   0.005241 
0.89542   0.004872 
0.89039   0.004444 
0.88529   0.003954 
0.88013   0.0034 
0.8749   0.002779 
0.86961   0.002095 
0.86425   0.001342 
0.85882   0.000521 
0.85333   -0.000368 
0.84778   -0.001327 
0.84216   -0.002357 
0.83647   -0.003457 
0.83072   -0.004624 
0.8249   -0.005861 
0.81902   -0.007166 
0.81307   -0.00854 
0.80706   -0.009984 
0.80098   -0.0115 
0.79484   -0.013086 
0.78863   -0.014743 
0.78235   -0.016471 
0.77601   -0.018266 
0.76961   -0.020127 
0.76314   -0.022054 
0.7566   -0.024047 
0.75   -0.026101 
0.74333   -0.028218 
0.73667   -0.030369 
0.73   -0.032557 
0.72333   -0.034778 
0.71667   -0.037026 
0.71   -0.039306 
0.70333   -0.041612 
0.69667   -0.04394 
0.69   -0.046294 
0.68333   -0.048669 
0.67667   -0.05106 
0.67   -0.053471 
0.66333   -0.055898 
0.65667   -0.058335 
0.65   -0.060788 
0.64333   -0.063252 
0.63667   -0.065721 
0.63   -0.068204 
0.62333   -0.070695 
0.61667   -0.073188 
0.61   -0.075689 
0.60333   -0.078192 
0.59667   -0.080696 
0.59   -0.083204 
0.58333   -0.085712 
0.57667   -0.088213 
0.57   -0.090714 
0.56333   -0.093211 
0.55667   -0.095698 
0.55   -0.098179 
0.54333   -0.100649 
0.53667   -0.103104 
0.53   -0.105551 
0.52333   -0.107985 
0.51667   -0.110402 
0.51   -0.112808 
0.50333   -0.115198 
0.49667   -0.117567 
0.49   -0.11992 
0.483331   -0.122251 
0.47667   -0.124555 
0.47   -0.126834 
0.46333   -0.129084 
0.45667   -0.131297 
0.45   -0.133478 
0.44333   -0.135619 
0.43667   -0.137718 
0.43   -0.139774 
0.42333   -0.141783 
0.41667   -0.143741 
0.41   -0.145655 
0.40333   -0.147515 
0.39667   -0.14931 
0.39   -0.151041 
0.38333   -0.152704 
0.37667   -0.154289 
0.37   -0.155796 
0.36333   -0.157218 
0.35667   -0.158553 
0.35   -0.159796 
0.34333   -0.16094 
0.33667   -0.161979 
0.33   -0.162913 
0.32333   -0.163736 
0.31667   -0.164445 
0.31   -0.165029 
0.30333   -0.165482 
0.29667   -0.165801 
0.29   -0.165981 
0.28333   -0.16602 
0.27667   -0.165916 
0.27   -0.165665 
0.26333   -0.16526 
0.25667   -0.164702 
0.25   -0.163991 
0.24342   -0.163135 
0.23693   -0.162138 
0.23053   -0.161011 
0.22421   -0.159761 
0.217981   -0.158398 
0.21184   -0.156932 
0.20579   -0.155369 
0.19982   -0.153713 
0.19395   -0.151981 
0.18816   -0.15017 
0.18245   -0.148282 
0.17684   -0.146332 
0.17131   -0.14432 
0.16587   -0.142253 
0.16052   -0.140136 
0.15526   -0.137971 
0.15008   -0.135759 
0.14499   -0.133504 
0.13999   -0.131211 
0.13508   -0.128881 
0.13026   -0.126519 
0.12552   -0.12412 
0.12087   -0.12169 
0.11631   -0.119233 
0.11183   -0.116749 
0.10745   -0.114252 
0.10315   -0.111732 
0.09893   -0.10919 
0.09481   -0.106645 
0.09077   -0.104084 
0.08683   -0.101524 
0.08297   -0.098953 
0.07919   -0.096369 
0.07551   -0.093792 
0.07191   -0.091205 
0.0684   -0.08862 
0.06498   -0.086037 
0.06164   -0.083449 
0.0584   -0.080878 
0.05524   -0.078307 
0.05217   -0.075744 
0.04918   -0.073182 
0.04629   -0.070641 
0.04348   -0.068106 
0.04076   -0.065587 
0.03812   -0.063078 
0.03558   -0.060599 
0.03312   -0.058132 
0.03075   -0.055692 
0.02847   -0.053276 
0.02627   -0.050877 
0.02417   -0.048515 
0.02215   -0.046167 
0.02022   -0.043847 
0.01837   -0.041544 
0.01662   -0.039286 
0.01495   -0.03705 
0.01337   -0.034849 
0.01187   -0.032666 
0.01047   -0.030528 
0.00915   -0.028401 
0.00792   -0.026304 
0.00678   -0.024234 
0.00572   -0.022168 
0.00476   -0.020139 
0.00388   -0.018111 
0.00309   -0.016113 
0.00238   -0.014116 
0.00177   -0.012159 
0.00124   -0.010167 
0.0008   -0.008145 
0.00044   -0.006006 
0.00018   -0.00382 
0.0   0.0 
0.00018   0.003902 
0.00044   0.006121 
0.0008   0.008201 
0.00124   0.010102 
0.00177   0.011937 
0.00238   0.0137 
0.00309   0.01548 
0.00388   0.017251 
0.00476   0.019041 
0.00572   0.02083 
0.00678   0.022664 
0.00792   0.024503 
0.00915   0.026373 
0.01047   0.028266 
0.01187   0.03017 
0.01337   0.032107 
0.01495   0.034051 
0.01662   0.036018 
0.01837   0.037991 
0.02022   0.039992 
0.02215   0.041998 
0.02417   0.044018 
0.02627   0.046039 
0.02847   0.048081 
0.03075   0.050123 
0.03312   0.052173 
0.03558   0.05423 
0.03812   0.056286 
0.04076   0.058352 
0.04348   0.060415 
0.04629   0.062478 
0.04918   0.064535 
0.05217   0.066598 
0.05524   0.068651 
0.0584   0.0707 
0.06164   0.072737 
0.06498   0.074774 
0.0684   0.076798 
0.07191   0.078813 
0.07551   0.080817 
0.07919   0.082803 
0.08297   0.084783 
0.08683   0.086745 
0.09077   0.088685 
0.09481   0.090612 
0.09893   0.092517 
0.10315   0.094406 
0.10745   0.096271 
0.11183   0.09811 
0.11631   0.099929 
0.12087   0.101719 
0.12552   0.103484 
0.13026   0.105221 
0.13508   0.106925 
0.13999   0.108599 
0.14499   0.11024 
0.15008   0.111846 
0.15526   0.113417 
0.16052   0.114948 
0.16587   0.11644 
0.17131   0.117892 
0.17684   0.1193 
0.18245   0.12066 
0.18816   0.121974 
0.19395   0.123236 
0.19982   0.124443 
0.20579   0.125594 
0.21184   0.126684 
0.21798   0.127707 
0.22421   0.128664 
0.23053   0.129548 
0.23693   0.130356 
0.24342   0.131086 
0.25   0.131737 
0.25667   0.132308 
0.26333   0.132796 
0.27   0.133207 
0.27667   0.133545 
0.283329   0.133811 
0.29   0.134011 
0.29667   0.134147 
0.30333   0.134223 
0.31   0.13424 
0.31667   0.1342 
0.32333   0.134107 
0.33   0.133961 
0.33667   0.133766 
0.34333   0.133522 
0.35   0.133232 
0.35667   0.132897 
0.36333   0.132519 
0.37   0.132098 
0.37667   0.131635 
0.38333   0.131134 
0.389999   0.130592 
0.39667   0.130013 
0.40333   0.129398 
0.41   0.128746 
0.41667   0.12806 
0.42333   0.127342 
0.43   0.126591 
0.43667   0.125808 
0.44333   0.124996 
0.45   0.124153 
0.45667   0.123282 
0.46333   0.122386 
0.47   0.121462 
0.47667   0.120514 
0.48333   0.119541 
0.49   0.118543 
0.49667   0.11752 
0.50333   0.116476 
0.51   0.115406 
0.51667   0.114316 
0.52333   0.113205 
0.529999   0.112072 
0.53667   0.110918 
0.54333   0.109746 
0.55   0.108553 
0.55667   0.107342 
0.56333   0.106113 
0.57   0.104864 
0.57667   0.103597 
0.58333   0.102317 
0.59   0.101019 
0.59667   0.099703 
0.60333   0.098372 
0.61   0.097025 
0.61667   0.095662 
0.62333   0.094288 
0.63   0.092898 
0.63667   0.091493 
0.64333   0.090076 
0.65   0.088644 
0.65667   0.087201 
0.66333   0.085748 
0.67   0.084279 
0.67667   0.082801 
0.68333   0.081313 
0.69   0.079812 
0.69667   0.078301 
0.70333   0.076781 
0.71   0.075251 
0.71667   0.073711 
0.72333   0.072166 
0.73   0.070609 
0.73667   0.069044 
0.74333   0.067472 
0.75   0.065892 
0.7566   0.06432 
0.76314   0.062754 
0.76961   0.061198 
0.77601   0.059653 
0.78235   0.058118 
0.78863   0.05659 
0.79484   0.055075 
0.80098   0.053572 
0.80706   0.052078 
0.81307   0.050596 
0.81902   0.049125 
0.8249   0.047669 
0.83072   0.046224 
0.83647   0.044792 
0.84216   0.043373 
0.84778   0.041969 
0.85333   0.040581 
0.85882   0.039205 
0.86425   0.037841 
0.86961   0.036494 
0.8749   0.035163 
0.88013   0.033846 
0.88529   0.032546 
0.89039   0.031259 
0.89542   0.029987 
0.90039   0.028729 
0.90529   0.027489 
0.91013   0.026263 
0.9149   0.025053 
0.91961   0.023856 
0.92425   0.022675 
0.92882   0.02151 
0.93333   0.020358 
0.93778   0.01922 
0.94216   0.018095 
0.94647   0.016984 
0.95072   0.015883 
0.9549   0.014793 
0.95902   0.01371 
0.96307   0.012637 
0.96706   0.01157 
0.97098   0.010513 
0.97484   0.009465 
0.97863   0.008426 
0.98235   0.007398 
0.98601   0.006376 
0.98961   0.005364 
0.99314   0.004371 
0.9966   0.003402 
1.0   0.00246 
