 1.0   -0.0025784740191075 
 0.999968595250687   -0.00296988417405292 
 0.999836456565962   -0.003362604271987216 
 0.999444696886033   -0.003479144252390048 
 0.999004406165502   -0.00345595734119396 
 0.998566523120732   -0.003406407363520592 
 0.998106641116587   -0.003347355949102885 
 0.997634848213721   -0.003285115305593608 
 0.997148084773825   -0.003220475787805166 
 0.996645115586312   -0.00315359865507798 
 0.996126243798561   -0.003084603982106097 
 0.995590728486978   -0.003013409366286957 
 0.995038005964937   -0.002939947329817873 
 0.994467610701737   -0.002864162108601463 
 0.993878977846299   -0.002785984181957039 
 0.993271538378141   -0.002705344268871672 
 0.992644719807931   -0.002622173594417346 
 0.991997926262211   -0.002536401196742553 
 0.991330544951508   -0.002447954963822946 
 0.990641947476609   -0.002356761948577152 
 0.989931487463295   -0.002262748176315965 
 0.989198500440484   -0.002165838786317569 
 0.988442303817714   -0.002065958205286361 
 0.987662196342123   -0.001963030281313125 
 0.986857457676369   -0.001856978471749804 
 0.986027348033137   -0.001747726272024324 
 0.985171107752508   -0.001635197728974209 
 0.984287956747911   -0.001519318965763016 
 0.983377093914902   -0.001400020132544714 
 0.982437696280471   -0.001277239435246373 
 0.981468918488755   -0.001150924696059286 
 0.980469892127557   -0.001021036218803121 
 0.979439725768892   -0.0008875444369427101 
 0.978377504578221   -0.0007504307963649767 
 0.977282290028546   -0.0006096883613152167 
 0.976153119472209   -0.0004653231620983332 
 0.974989005822868   -0.0003173557194356053 
 0.973788937091192   -0.0001658229303910136 
 0.972551876102241   -1.078019774065576e-05 
 0.971276760064071   0.000147696562881292 
 0.969962500417349   0.0003095089039026234 
 0.968607982460743   0.00047453339191089 
 0.967212065363489   0.0006426196166936197 
 0.965773582709562   0.0008135953246898777 
 0.964291343350329   0.000987271002548657 
 0.962764130850971   0.001163431976506801 
 0.961190704203152   0.001341840108538931 
 0.959569803360876   0.001522292046706748 
 0.957900151234853   0.001704634920675297 
 0.956180430577485   0.001888519445248484 
 0.954409284875749   0.002073402610675062 
 0.952585445200846   0.002259867268656237 
 0.95070773306989   0.00244964699245501 
 0.948774641218532   0.00264128783831905 
 0.946784329232493   0.002830091444824662 
 0.944735291055776   0.003014939960648 
 0.942626309415979   0.003197988117089795 
 0.940456022285314   0.003379555844005705 
 0.938222837495421   0.003558232892892898 
 0.935925212121577   0.003733059057600378 
 0.933561638786681   0.003903529709291724 
 0.931130583948846   0.004068939465124285 
 0.928630488298077   0.004228364593366118 
 0.926059787610039   0.004380844280740559 
 0.923416915772882   0.004525384898862511 
 0.920700303633653   0.004660924779255868 
 0.917908381708006   0.004786331964381424 
 0.91503958535409   0.004900461989949747 
 0.912092358902226   0.005002175433245516 
 0.909065154460409   0.005090263383953168 
 0.905956434886425   0.005163437542690316 
 0.9027646782384   0.00522032503746536 
 0.899488381916361   0.005259459618904227 
 0.896126067068737   0.005279342548374182 
 0.89267628355078   0.005278492741660403 
 0.889137610031436   0.005255473059394123 
 0.885508653694837   0.005209016896444734 
 0.881788056560165   0.005137857319810151 
 0.877974492761166   0.005040676249084091 
 0.87406667814624   0.004916146449962282 
 0.870063365534055   0.00476296002404699 
 0.865963359568072   0.004579769229147044 
 0.861765521597063   0.004365006159134411 
 0.857468777021381   0.004117014895371853 
 0.853072116401276   0.003834086377692344 
 0.848574602970674   0.003514482022723453 
 0.843975366263911   0.003156487521236178 
 0.839273617855247   0.002758359455501369 
 0.834468692809659   0.00231791738391732 
 0.829560049275823   0.001832653502392498 
 0.824547272963111   0.001299898207971949 
 0.819430083281864   0.0007168280183827661 
 0.814208338465995   8.051692383440995e-05 
 0.808882044194155   -0.0006120609207478785 
 0.803451360278569   -0.001364027381054792 
 0.79791661123234   -0.002178595322602538 
 0.79227831427568   -0.003059179229048495 
 0.786537212672429   -0.004009489210116491 
 0.780694188191856   -0.005033022388460255 
 0.77475017410111   -0.006132453261197032 
 0.768706157795082   -0.007309860913910768 
 0.762562931658278   -0.008565708940416538 
 0.756321332229664   -0.009899920748941549 
 0.749982260723281   -0.01131240018780062 
 0.743546726923999   -0.01280290721590333 
 0.737015888250797   -0.01437139630123949 
 0.730391034330472   -0.01601776808728589 
 0.723673518991973   -0.01774170364653512 
 0.716864779345307   -0.01954264415496316 
 0.709966341281253   -0.02141988805516727 
 0.702979822698306   -0.02337257343912662 
 0.695906959290967   -0.02539975290314856 
 0.688749603293293   -0.02750041982261785 
 0.681509610657194   -0.02967308088496581 
 0.674188767096484   -0.03191558666818484 
 0.666788726484948   -0.03422491768694792 
 0.65931076138841   -0.03659655703494653 
 0.651756114137872   -0.03902547123637551 
 0.644126034435114   -0.04150643597391438 
 0.636421843810493   -0.04403403233057699 
 0.628645051443741   -0.04660329803486491 
 0.620797445771817   -0.04920910509847889 
 0.612880654766714   -0.05184605456472662 
 0.604896388593957   -0.05450838662713586 
 0.596846303304303   -0.05718975838186271 
 0.58873203697663   -0.05988335861112346 
 0.580555260587678   -0.06258198681592439 
 0.572317689357118   -0.06527811385666865 
 0.564021333911617   -0.06796459480259652 
 0.555668551654289   -0.07063482034003371 
 0.547261855046446   -0.0732821678707256 
 0.538803944862768   -0.07590004281879817 
 0.530297629270736   -0.07848171436162367 
 0.521745848613033   -0.08102023299942487 
 0.51315166178933   -0.08350858175428268 
 0.504518333874528   -0.08593967817646123 
 0.495849265100337   -0.0883064729337694 
 0.487148115533293   -0.09060203214110159 
 0.4784186880813   -0.09281950227272502 
 0.469665001509451   -0.09495189089938891 
 0.460891255832285   -0.09699245061222365 
 0.452102370695778   -0.09893686189484657 
 0.443303726544656   -0.100782437068273 
 0.434500824388342   -0.102527024852835 
 0.425699251331775   -0.104168946437324 
 0.416904556382947   -0.105706343453069 
 0.408122228486271   -0.107137089182727 
 0.399357770415455   -0.108459286935331 
 0.39061672695132   -0.109671309622881 
 0.381904638341572   -0.110772002767676 
 0.373227099330008   -0.111760961394567 
 0.364589636627531   -0.112638115102248 
 0.355997720121811   -0.113403671368767 
 0.347456710997147   -0.114058173777456 
 0.338971897671505   -0.114602817340049 
 0.330548428088163   -0.115039118969785 
 0.32219128894998   -0.115368649914052 
 0.313905288310817   -0.11559307354177 
 0.30569507629774   -0.115713787479828 
 0.297565121754197   -0.115732137471239 
 0.289519733879667   -0.115649972050442 
 0.281563042137599   -0.11546958940548 
 0.27369893366445   -0.11519401853868 
 0.265931047901276   -0.11482702429804 
 0.258262802399625   -0.114372058057295 
 0.250697401349494   -0.113832026906476 
 0.243237867679432   -0.113209504444733 
 0.235887103334042   -0.112506398268024 
 0.228647791202986   -0.111724759081325 
 0.221522425484786   -0.110866985633005 
 0.214513269359685   -0.109935634583581 
 0.207622404995569   -0.108933346077884 
 0.200851678908692   -0.10786288371545 
 0.194202730114572   -0.106727225118057 
 0.187676958041713   -0.105529479710312 
 0.181275528498796   -0.104272975232587 
 0.174999375419658   -0.10296112114132 
 0.168849260748525   -0.101597207517284 
 0.162825753636043   -0.100184449383775 
 0.156929273465514   -0.09872592478070828 
 0.15116007171805   -0.0972246173739577 
 0.145518219785755   -0.0956835191610932 
 0.140003613511979   -0.09410561880851805 
 0.13461600588498   -0.09249380141917689 
 0.129355021304954   -0.09085083557195607 
 0.124220113614076   -0.08917949983766893 
 0.119210583309698   -0.08748258826620464 
 0.114325568981596   -0.08576288560642793 
 0.109564068885993   -0.08402317149721664 
 0.10492492707494   -0.08226620265532635 
 0.100406847690391   -0.08049473490438411 
 0.09600847760706947   -0.07871129737073349 
 0.09172853210161278   -0.07691795883957908 
 0.08756563837438712   -0.07511668739801393 
 0.08351836752873058   -0.07330938303117496 
 0.07958519811953499   -0.07149788661199619 
 0.07576458623554945   -0.069683912081095 
 0.07205492763405073   -0.0678690758152046 
 0.06845468402586374   -0.06605474174355153 
 0.06496223368705259   -0.06424224603046429 
 0.06157584644662208   -0.0624330342442831 
 0.05829372221499901   -0.06062851993019526 
 0.05511415838313298   -0.05882985768277731 
 0.05203539578852834   -0.05703815783675614 
 0.04905555642016861   -0.0552546725411306 
 0.04617271856529637   -0.05348060764657274 
 0.04338518970155165   -0.05171673305587747 
 0.04069139486942505   -0.0499635479257643 
 0.03809036339634084   -0.04822070143098697 
 0.03558116243504345   -0.04648774761652173 
 0.0331626102644485   -0.04476472912658692 
 0.03083336719969401   -0.04305189093872348 
 0.02859222423759012   -0.04134937007094346 
 0.02643792156625906   -0.03965733720868002 
 0.02436926689081009   -0.03797600334176787 
 0.02238490432906177   -0.03630573318717679 
 0.02048315007415556   -0.03464729370820754 
 0.01866271249165922   -0.03300100628905216 
 0.01692441764341216   -0.03136505486148885 
 0.01526931085751668   -0.02973750873437067 
 0.01369847795895326   -0.02811695178291072 
 0.01221256501069398   -0.02650255416241061 
 0.01081181239972933   -0.02489428290074725 
 0.009495916652293638   -0.02329264626557465 
 0.008264049692567239   -0.02169881917473496 
 0.007114841562561969   -0.02011434683743755 
 0.006046434995727871   -0.01854115690117833 
 0.005057708910402647   -0.01698059967368911 
 0.004148571560054688   -0.01543332926994855 
 0.003322903233413439   -0.01389835251913708 
 0.002586964803045534   -0.01237385226707241 
 0.001946646611273723   -0.0108598792465807 
 0.001406159463458177   -0.009357954564281776 
 0.0009651260483204235   -0.007872408778168838 
 0.0006193779273589409   -0.006408367568897943 
 0.0003588576553291622   -0.004971529582228986 
 0.0001739717336032708   -0.00356641327613289 
 5.691943061266212e-05   -0.002195987726488738 
 5.839082977020433e-07   -0.0008624152625419972 
 -1.554406108882758e-06   0.0004327767756912076 
 4.48229124385457e-05   0.001688616045695382 
 0.0001342200382863938   0.002904604155561999 
 0.0002603689914485964   0.004080761786346342 
 0.0004174134444314135   0.005217472896860757 
 0.0006001183349408091   0.006315487189904725 
 0.0008037586356260388   0.007375759843611493 
 0.001023987541047609   0.008399516909206657 
 0.001257111549454112   0.009387975976493138 
 0.00150849255196636   0.01037167361085204 
 0.001786105628578148   0.01138053804550128 
 0.002091512901178719   0.01241467799396852 
 0.002426902751416855   0.01347397163860832 
 0.002794674142514431   0.01455817572565247 
 0.003197249539754195   0.01566695105027072 
 0.003637112212651952   0.01679984364576813 
 0.004116951812789533   0.01795620951169341 
 0.004639788406127551   0.01913509782015541 
 0.005208810722071023   0.02033535579305748 
 0.005826232130143355   0.02155621097155483 
 0.006493287126173664   0.02279725397699824 
 0.00721098166602153   0.02405814184493875 
 0.007980029847127196   0.02533887689214957 
 0.008800858812172378   0.02663958004346359 
 0.009673614921682047   0.02796072597821362 
 0.01059811143133405   0.02930314072916715 
 0.01157433232544446   0.03066753269575323 
 0.01260345736196299   0.03205397038461649 
 0.01368684931051703   0.03346236594982756 
 0.01482652758109545   0.0348920965645942 
 0.01602496169227661   0.03634213400287029 
 0.01728461393263964   0.0378113677214356 
 0.01860786124643305   0.03929866482477731 
 0.01999702116901274   0.04080284180111401 
 0.02145405227038748   0.04232301674844254 
 0.02298070440624057   0.04385840566037012 
 0.02457846502552306   0.04540850401559347 
 0.02624851178910891   0.04697314057415043 
 0.02799185204377645   0.04855230091619948 
 0.02980940253691046   0.05014625084971848 
 0.0317019642329982   0.05175533329339201 
 0.03367099987209898   0.05337921913346665 
 0.03571826031760001   0.05501723197296225 
 0.03784559326477159   0.05666852002375695 
 0.04005498975284139   0.05833200702105743 
 0.0423483769829524   0.06000660884626771 
 0.04472759369472214   0.06169135292511367 
 0.04719438832100811   0.0633852772076049 
 0.04975053657749759   0.06508737603641357 
 0.05239776225553021   0.06679662947260347 
 0.05513769348748055   0.06851212501683146 
 0.05797184980888534   0.07023308817182253 
 0.06090171517882663   0.07195869894305083 
 0.06392890838544699   0.07368793124082473 
 0.06705499022543525   0.07541971192247801 
 0.07028161663211925   0.07715275877906337 
 0.07361039846228999   0.07888571866398826 
 0.07704287141150601   0.08061730564415268 
 0.08058047515318068   0.08234630106827102 
 0.08422470376554306   0.08407119988031932 
 0.0879772445379416   0.08578997628553452 
 0.09183970740671384   0.08750052044680508 
 0.0958136123831772   0.08920073004899358 
 0.09990035210017403   0.09088849769972164 
 0.10410118538941   0.09256185246681214 
 0.1084172153146   0.0942189108707064 
 0.112849393020127   0.09585797835676678 
 0.117398504213119   0.09747756883854282 
 0.122065287480399   0.09907600887861003 
 0.126850568113615   0.100651176627398 
 0.131755085318537   0.102200757165511 
 0.13677964183373   0.103721850036562 
 0.141924923936225   0.10521139703105 
 0.147191364927469   0.106666553645513 
 0.152579309770246   0.108084637644636 
 0.158088776925606   0.109463211699499 
 0.163719607196569   0.110800141561923 
 0.169471494454467   0.112093279546191 
 0.17534404054388   0.113340384439181 
 0.181336688654809   0.114539113935137 
 0.187448839114421   0.115686660987281 
 0.193679709976261   0.116780175054646 
 0.200028318192383   0.11781703908682 
 0.206493458370141   0.118794811675669 
 0.21307371174331   0.119711543463463 
 0.219767436283431   0.120565716765978 
 0.2265728410651   0.121355827615352 
 0.233488021241575   0.122080321557335 
 0.240510905324336   0.12273747024146 
 0.247639339264753   0.123324911632578 
 0.254870970628136   0.123840337566052 
 0.262203255737757   0.124281840035455 
 0.26963344213832   0.124647772526343 
 0.277158623827062   0.12493696938446 
 0.284775715739751   0.125148626548649 
 0.292481499466645   0.125282175950335 
 0.300272623976771   0.125337293286757 
 0.308145604415154   0.125313973088051 
 0.316096864450938   0.125212586763562 
 0.324122696305567   0.125033760117302 
 0.332219336781084   0.124778337900736 
 0.340382903848768   0.124447427097338 
 0.348609483163451   0.124042443676385 
 0.356895066133855   0.123565058561029 
 0.365235600671336   0.123016990673592 
 0.373626966585961   0.122400082435755 
 0.382065002514179   0.12171636043277 
 0.390545513485668   0.120968026996312 
 0.399064241164523   0.120157271167665 
 0.407616885957736   0.119286114435831 
 0.416199098726467   0.118356683831778 
 0.42480652062649   0.11737115761041 
 0.433434751442981   0.116331780446248 
 0.442079358752431   0.115240582766138 
 0.450735882156697   0.114099606984016 
 0.459399862308685   0.112910937577456 
 0.468066841862454   0.111676741418439 
 0.47673242383197   0.110399526841306 
 0.485392274203916   0.109082109388565 
 0.494042096999132   0.107727381324455 
 0.502677651810899   0.106338284180955 
 0.511294700971255   0.10491757119459 
 0.519888973676153   0.103467441730056 
 0.528456238554623   0.101990050495681 
 0.536992337418848   0.100487599037968 
 0.545493178902983   0.09896231024577679 
 0.553954744167358   0.09741635966071319 
 0.562373092644125   0.09585190470791512 
 0.570744377482897   0.09427110753295867 
 0.5790648489536   0.09267612611179574 
 0.587330852309454   0.09106906875969724 
 0.595538833477841   0.08945198070298745 
 0.603685352726191   0.08782690326822305 
 0.611767097194676   0.08619588861815686 
 0.619780895996884   0.08456106633404617 
 0.627723777972677   0.08292487049159687 
 0.635592905648254   0.08128972644773674 
 0.64338550373009   0.07965795214408607 
 0.651099093226271   0.07803170465558754 
 0.658731095177576   0.07641285426756177 
 0.666279094756047   0.07480305083582235 
 0.673740813785522   0.07320388214359763 
 0.681114110771902   0.0716168681413625 
 0.688396955975088   0.07004334422053547 
 0.69558742543269   0.06848442807326094 
 0.702683726345236   0.06694114275515733 
 0.709684194617856   0.06541440428621537 
 0.716587315522914   0.06390512142555069 
 0.723391754464434   0.06241433796570781 
 0.730096321764889   0.06094308078773768 
 0.736699980831542   0.05949240207117926 
 0.743201825611023   0.05806328886254705 
 0.749601047806833   0.05665652535217448 
 0.755896945693625   0.0552727455600532 
 0.762088906533157   0.05391236754627726 
 0.768176411876088   0.05257563196683046 
 0.774159065911285   0.05126274651433488 
 0.780036593702735   0.04997389445840948 
 0.785808845867216   0.04870927360975209 
 0.791475804709881   0.0474691428147956 
 0.797037559448364   0.04625372763503122 
 0.802494303532642   0.04506322861384645 
 0.807846321983496   0.04389778197621429 
 0.813093975646522   0.04275740901824294 
 0.818237704336755   0.04164204924394495 
 0.823277999043878   0.04055145265472426 
 0.82821542084133   0.03948528754589861 
 0.833050615421845   0.03844322784200573 
 0.837784307777729   0.03742494975647343 
 0.842417300760914   0.03643014644649208 
 0.846950469885108   0.03545852467752476 
 0.851384760064316   0.03450981062341299 
 0.855721182497939   0.03358375571015119 
 0.859960800694567   0.0326800912825024 
 0.864104725126255   0.03179852340036333 
 0.868154112137817   0.03093874659372477 
 0.872110161351078   0.03010045063633761 
 0.875974111139757   0.02928331732800268 
 0.879747236234215   0.02848702732768106 
 0.883430842502002   0.02771125241475359 
 0.887026262786083   0.02695565278339708 
 0.890534854188079   0.02621988001728007 
 0.893957995434851   0.02550358036138243 
 0.897297083550646   0.02480639363300776 
 0.900553528368288   0.02412794142028648 
 0.903728751340003   0.02346783511273271 
 0.906824184719208   0.02282568510933861 
 0.909841269181986   0.02220110199220194 
 0.912781451673565   0.02159369816691281 
 0.915646183155302   0.02100308841426295 
 0.918436916591349   0.02042889098913019 
 0.921155104900184   0.01987072795332734 
 0.92380219602391   0.01932821073242041 
 0.926379629797293   0.01880093396219002 
 0.928888840787206   0.01828849780441339 
 0.93133125678416   0.01779050849333275 
 0.933708298828496   0.01730658618141531 
 0.936021380808288   0.01683636994442525 
 0.938271903763169   0.01637949620084981 
 0.940461250532565   0.01593557819385304 
 0.942590798171353   0.01550427311125696 
 0.944661932516142   0.01508535928389773 
 0.946676010365551   0.01467855357193524 
 0.948634317977962   0.01428330999586444 
 0.950538133619144   0.01389913335132101 
 0.952388768287817   0.01352578422993594 
 0.954187517522479   0.01316304358409016 
 0.955935639783728   0.01281060841676061 
 0.957634372399171   0.01246817311175998 
 0.959284936646922   0.01213545664562411 
 0.960888534660048   0.01181218905644166 
 0.962446347996439   0.01149810585792631 
 0.963959538334458   0.01119295269746281 
 0.965429248175091   0.01089648981265671 
 0.966856599862673   0.01060848789702274 
 0.968242696047662   0.01032873090881378 
 0.969588618262731   0.01005700931452259 
 0.970895426867764   0.00979311993012166 
 0.972164160574816   0.00953686350859366 
 0.97339583647077   0.009288044623747023 
 0.974591449992952   0.009046471170381779 
 0.975751975041409   0.008811954395730107 
 0.97687836410818   0.008584308885110432 
 0.977971548446182   0.008363352620905547 
 0.979032438256485   0.008148907021832586 
 0.980061922896513   0.007940796983433494 
 0.981060871098975   0.00773885087903289 
 0.982030131210969   0.007542900575953031 
 0.982970531421818   0.00735278131962663 
 0.983882880030331   0.007168331744706674 
 0.984767965657015   0.006989393552897179 
 0.985626557604749   0.006815811868176478 
 0.986459406151587   0.00664743520851122 
 0.987267242903164   0.006484115719992791 
 0.988050781104954   0.006325709167441505 
 0.988810715970667   0.006172074940626671 
 0.989547724991618   0.006023076005394663 
 0.990262468233973   0.005878578855322501 
 0.990955588709022   0.005738453436909664 
 0.9916277127363   0.005602573075065563 
 0.992279449999155   0.005470814470525407 
 0.992911394031628   0.005343057595549801 
 0.993524123561796   0.005219185388111349 
 0.994118200587517   0.005099084214934879 
 0.994694169394166   0.004982644112634154 
 0.99525256990997   0.004869755651988424 
 0.995793921309799   0.004760313775420951 
 0.99631868830045   0.004654225595844323 
 0.99682743654701   0.004551372396111232 
 0.99732067157046   0.004451639245571316 
 0.997798367568264   0.004354988529062022 
 0.99826195731585   0.004260737881392199 
 0.998711303881827   0.004167211430733784 
 0.999140186211047   0.004069048872646685 
 0.999559988786524   0.003935174401067261 
 0.999868473271587   0.00367426609605743 
 0.999967273962392   0.003273448450654796 
 1.0   0.002883460325652298 
