 1.0   -0.007032820545308113 
 0.999299764626409   -0.007774293747314732 
 0.99857582330412   -0.00814737898563654 
 0.997665856963052   -0.008194155716783462 
 0.996772142382807   -0.008112965947442543 
 0.995884068741841   -0.007968553210358602 
 0.994967533779129   -0.007798748220596776 
 0.994024125916867   -0.007614145847526055 
 0.993061001487766   -0.007420801892799503 
 0.992077539517224   -0.007221761750221037 
 0.99107010704884   -0.007019096444235549 
 0.990036987168978   -0.006813953934801135 
 0.988978286757747   -0.006606615179038927 
 0.987893929173519   -0.006397329474837787 
 0.986783184828161   -0.006186293423465558 
 0.985645235017229   -0.005973705388363885 
 0.984479446883742   -0.005759720198291705 
 0.983285265114927   -0.005544480139600648 
 0.982062091072498   -0.00532814148911769 
 0.980809269247877   -0.005110876222760198 
 0.97952613366749   -0.004892868220290326 
 0.978212025092775   -0.004674311039633985 
 0.976866279030179   -0.004455410551454462 
 0.975488217763366   -0.004236386289907411 
 0.974077150641414   -0.004017472014394546 
 0.972632377804669   -0.003798916783052337 
 0.971153191289576   -0.003580986776355064 
 0.969638874564636   -0.00336396421018051 
 0.968088702603139   -0.00314814049906617 
 0.96650194224147   -0.002933817702250295 
 0.964877851775674   -0.002721323702507488 
 0.963215679645612   -0.002511033193192695 
 0.961514667275006   -0.002303340029490738 
 0.959774060508398   -0.002098522490645471 
 0.957993109554512   -0.001896751451341277 
 0.956171052901505   -0.001698301191442582 
 0.954307093722051   -0.00150385915137886 
 0.952400428335117   -0.001314171928922532 
 0.950450401465906   -0.001128056810162849 
 0.94845652884355   -0.0009421220081165261 
 0.946418213457942   -0.0007543249910669245 
 0.944334162990924   -0.0005710906427692391 
 0.942202835100847   -0.0004018968293290711 
 0.940023218484797   -0.0002498920624936845 
 0.937794966548689   -0.0001103078353976612 
 0.935517747146884   2.17492001410586e-05 
 0.933190791191095   0.0001459341421850117 
 0.930813155829641   0.0002597648461863689 
 0.928383955592939   0.0003613573888885158 
 0.925902431735208   0.0004502444075613207 
 0.923367848221461   0.0005261067872008968 
 0.920779445458058   0.0005882263277495304 
 0.918136450517743   0.0006355825215748226 
 0.915438103469729   0.0006671405575973775 
 0.912683645365284   0.0006819643341630497 
 0.909872397886939   0.0006791192269017538 
 0.907003633498605   0.0006576167937414681 
 0.904076658913319   0.0006164028959640043 
 0.901090800767953   0.0005543887602114512 
 0.898045405775289   0.0004704634741959974 
 0.89493984388293   0.0003634895665503254 
 0.891773508493   0.0002323177544025953 
 0.888545812663671   7.582558326055621e-05 
 0.885256197545988   -0.0001071211263481192 
 0.881904129502487   -0.0003176739229462923 
 0.878489101091142   -0.0005569999131494219 
 0.875010638327665   -0.0008262813302627395 
 0.871468293558557   -0.001126710599935896 
 0.867861653114879   -0.001459490091008823 
 0.864190339019346   -0.001825830555568233 
 0.860454002416495   -0.002226947275211767 
 0.85665233585732   -0.002664059305843129 
 0.85278506667315   -0.003138386363821844 
 0.8488519575184   -0.003651145846638231 
 0.844852816952615   -0.004203550671204145 
 0.840787486503724   -0.004796806742883975 
 0.836655851385619   -0.005432109257324179 
 0.832457842517346   -0.006110639991330366 
 0.828193424557814   -0.006833565690758355 
 0.823862613276846   -0.007602032040249782 
 0.819465465506203   -0.008417163115136468 
 0.815002077130446   -0.009280058262676144 
 0.810472598231549   -0.01019178476300419 
 0.805877214163658   -0.01115338105169149 
 0.801216157317143   -0.01216584858442427 
 0.796489711379017   -0.01323014722908973 
 0.791698192600142   -0.0143472001389149 
 0.786841971127795   -0.01551787964229194 
 0.781921459985752   -0.016743009973913 
 0.776937107958789   -0.01802336714381178 
 0.771889419346086   -0.01935966372345981 
 0.766778931119954   -0.02075256078089683 
 0.76160622240502   -0.02220265694161609 
 0.756371923050853   -0.02371047796019812 
 0.7510766900986   -0.02527648855174638 
 0.745721228220749   -0.0269010701296666 
 0.740306209295776   -0.02858431388602761 
 0.734832205495813   -0.03032586591952025 
 0.729299809115537   -0.03212519867463333 
 0.723709591939868   -0.03398163660886244 
 0.718062115981136   -0.03589435063360509 
 0.712357957728064   -0.03786235316119749 
 0.706597655995488   -0.03988449844444629 
 0.700781751915215   -0.04195947468287139 
 0.694910778158372   -0.04408580482290358 
 0.68898522994935   -0.04626184949125901 
 0.68300560746429   -0.0484857950691529 
 0.676972382586712   -0.0507556625610689 
 0.670886003158415   -0.05306930435517674 
 0.664746915680153   -0.0554243963372525 
 0.658555532300388   -0.0578184509881003 
 0.652312255098311   -0.06024880736591977 
 0.646017477082999   -0.06271263404039978 
 0.639671568601034   -0.06520693919239545 
 0.633274897410203   -0.06772855989907857 
 0.626827822317759   -0.07027416558920041 
 0.620330694412563   -0.07284026143918537 
 0.613783869072303   -0.0754231955187162 
 0.607187672090486   -0.07801920674118555 
 0.600542590250486   -0.08062433455332663 
 0.593848962976431   -0.0832344888280366 
 0.587107180908071   -0.08584532515655599 
 0.580317651234517   -0.08845237233289532 
 0.57348096424273   -0.09105136156511719 
 0.566597876071746   -0.09363820094490882 
 0.559669228263786   -0.09620884820868791 
 0.552696200138214   -0.09875986285705449 
 0.545680109673387   -0.101287984512715 
 0.538622313319677   -0.103789841616583 
 0.531524206984226   -0.106261882011739 
 0.524387227899546   -0.108700516102652 
 0.51721291480038   -0.111102131600502 
 0.510002892045537   -0.113463105883012 
 0.502758842364726   -0.11577981836298 
 0.495482571298807   -0.118048639857686 
 0.488175944388897   -0.12026596001659 
 0.480840903317649   -0.12242811466203 
 0.473479483252381   -0.124531353770926 
 0.466093785479099   -0.126572034873795 
 0.458686196419773   -0.128547120376276 
 0.45125926288529   -0.130453929419527 
 0.443815624374999   -0.132290022680153 
 0.436358111114248   -0.134053443830737 
 0.428889599253557   -0.135742393422164 
 0.421413016402109   -0.137355122256371 
 0.41393133025585   -0.138889944935043 
 0.406447532406836   -0.140345309002115 
 0.398964694816148   -0.141719865208476 
 0.391485902231355   -0.14301240088641 
 0.384014248115607   -0.144221688390437 
 0.376552833196507   -0.145346465922021 
 0.369104747452507   -0.146385581489801 
 0.361673123874247   -0.147337943939601 
 0.354261084416969   -0.148202575214277 
 0.346871757043774   -0.14897861905246 
 0.339508292302582   -0.14966533373822 
 0.332173802992393   -0.150262116453331 
 0.324871426319382   -0.150768480223121 
 0.31760426599658   -0.151184073344527 
 0.310375402269259   -0.151508683065573 
 0.303187914108863   -0.151742230178521 
 0.296044813115049   -0.151884780777132 
 0.288949108353615   -0.151936542346426 
 0.281903744735362   -0.151897864731397 
 0.274911616751055   -0.151769248684804 
 0.267975582229552   -0.151551345877457 
 0.261098404937888   -0.15124494525567 
 0.254282815982937   -0.150850976675625 
 0.247531447129347   -0.150370502127285 
 0.240846852768622   -0.149804774723227 
 0.23423150273813   -0.149155226417745 
 0.22768776623281   -0.148423317054415 
 0.221217973995022   -0.147610389930298 
 0.214824340205731   -0.146717835677829 
 0.208509058209766   -0.145746932916195 
 0.202274232452083   -0.144698961697768 
 0.196121876878692   -0.143575326372678 
 0.190053934005401   -0.142377552469169 
 0.184072219197464   -0.141107263322111 
 0.17817849522342   -0.139766157643273 
 0.172374386010891   -0.138356023382176 
 0.166661443685465   -0.136878743103041 
 0.161041094857351   -0.135336282922002 
 0.155514662574213   -0.133730696176817 
 0.150083363548266   -0.132064115159539 
 0.14474828316593   -0.130338746842581 
 0.139510410449515   -0.128556878749208 
 0.134370589014122   -0.126720854851549 
 0.129329565649481   -0.124833096055496 
 0.124387939416171   -0.122896064236358 
 0.119546201337879   -0.120912293442155 
 0.114804700865966   -0.118884344702264 
 0.110163680055551   -0.116814821094676 
 0.105623246476833   -0.114706341996292 
 0.101183361408014   -0.112561602158384 
 0.09684387020832025   -0.110383276249559 
 0.09260481544337937   -0.108173477739468 
 0.08846631208514175   -0.105933970990433 
 0.0844284233110688   -0.103666530489029 
 0.08049112384299696   -0.101372952206889 
 0.07665428618079799   -0.09905510891156322 
 0.07291766442641627   -0.09671492540255515 
 0.06928091828717829   -0.09435437843631805 
 0.06574359201009382   -0.09197547245844469 
 0.06230513437633409   -0.08958025668898408 
 0.05896487535052938   -0.08717079582729793 
 0.05572204032625575   -0.08474919606754222 
 0.05257575081311296   -0.08231755343776632 
 0.04952505521700958   -0.07987795341609835 
 0.04656883216032392   -0.07743254113705644 
 0.04370585314284758   -0.07498346136800205 
 0.04093552831389102   -0.0725320330738134 
 0.0382576416114262   -0.07007907571965503 
 0.03567213616296932   -0.06762528392074524 
 0.0331788784054133   -0.06517143215311737 
 0.03077762065899855   -0.06271842849769625 
 0.02846805395589348   -0.06026726092627939 
 0.0262497717922467   -0.05781899690898042 
 0.02412227385593656   -0.05537479117830445 
 0.0220849932460226   -0.05293585966718888 
 0.02013718972923536   -0.05050352747267049 
 0.01827842266169153   -0.04807887818212119 
 0.01650991385540228   -0.04566179089470089 
 0.01483321317700529   -0.04325210293401566 
 0.01324965935800648   -0.04085002050728931 
 0.01176027248272612   -0.03845615814788732 
 0.01036576612140487   -0.03607149258211682 
 0.009066506376229218   -0.03369734341129715 
 0.007862485390992352   -0.03133533823356766 
 0.006753298098759659   -0.02898737273619286 
 0.005738118462451801   -0.02665556734460028 
 0.004815687813991145   -0.02434221636207008 
 0.003983827779034009   -0.02204990707387795 
 0.003239438145361407   -0.01978140026973903 
 0.002579548984816192   -0.01753920167673073 
 0.002001356837776458   -0.01532558226573991 
 0.00150220201282012   -0.01314261423873352 
 0.001079535430581059   -0.01099220272803824 
 0.00073089266176262   -0.008876110551592015 
 0.0004538692524907969   -0.006795976589132076 
 0.0002460989528380067   -0.00475332969706732 
 0.0001052340215534855   -0.0027495982669635 
 2.89240006238784e-05   -0.0007861160908685148 
 1.402516397562209e-05   0.001135877607871126 
 5.573726725584897e-05   0.003015340380514985 
 0.0001492366021973485   0.004851537111955228 
 0.0002936289714028596   0.006683985911043995 
 0.0004925118234742322   0.008551987766368443 
 0.0007479292164313822   0.01045464721448829 
 0.001061859084452913   0.01239100179509394 
 0.001436213116297544   0.01436002777522846 
 0.001872838289221966   0.01636064623038719 
 0.002373520171424113   0.01839172710154461 
 0.002939987745478139   0.02045209299510932 
 0.003573919757558951   0.02254052157825558 
 0.004276952382588873   0.02465574636885035 
 0.005050688063589217   0.02679645586087943 
 0.005896705601357084   0.02896129077779128 
 0.006816570914092964   0.03114883949898355 
 0.007811850535242581   0.03335763015753484 
 0.008884120446499702   0.03558612276163253 
 0.01003498558681065   0.03783269294624758 
 0.01126609964903639   0.04009561520070416 
 0.01257907031758137   0.04237310507689777 
 0.01397525043746933   0.04466345042629515 
 0.01545569142234834   0.04696505796866213 
 0.01702124653485646   0.04927643383623836 
 0.01867255952902984   0.05159621336828139 
 0.020410062857851   0.05392316878381998 
 0.02223399273800418   0.05625624715697321 
 0.02414439944858132   0.05859458420524966 
 0.02614113951022577   0.06093750228974663 
 0.02822391586389919   0.06328455022786673 
 0.03039224710718742   0.06563551360050061 
 0.03264558738114868   0.0679903505187769 
 0.03498453008683519   0.07034795635584579 
 0.03741043350825657   0.07270645096915362 
 0.03992460649609444   0.07506388741024624 
 0.04252827130095765   0.07741827291886742 
 0.04522256229368816   0.07976762309714751 
 0.0480085175884688   0.08210993138870913 
 0.0508870907729843   0.08444319447225809 
 0.05385913863723058   0.08676539910596807 
 0.05692543112542692   0.08907454491902003 
 0.06008664174657082   0.09136863360049167 
 0.063343358287273   0.09364568724501178 
 0.06669607510327263   0.09590373227365423 
 0.0701452109640211   0.09814081437765444 
 0.07369107953887626   0.100355004825585 
 0.0773339162592712   0.102544427156833 
 0.08107389515957895   0.104707138550133 
 0.08491124179048143   0.10684104159142 
 0.08884608357542256   0.108944006563657 
 0.09287851431595122   0.111013880619067 
 0.09700850238087974   0.113048514559102 
 0.101235952691248   0.115045807232842 
 0.105560639382508   0.117003687729752 
 0.109982270688553   0.118920126526357 
 0.114500446486358   0.120793133974364 
 0.119114698116602   0.122620705861643 
 0.123824511068613   0.124400815530655 
 0.128629273689286   0.126131391297878 
 0.133528391709689   0.127810188506667 
 0.138521138762063   0.129434980072136 
 0.14360667643758   0.131003730703709 
 0.148784018018288   0.132514526079196 
 0.154052076298598   0.13396558240837 
 0.159409669317166   0.135355262601357 
 0.164855482284129   0.136682051155024 
 0.170388150255361   0.137944618718682 
 0.176006124769742   0.139141760621694 
 0.181707943233198   0.140272472364139 
 0.187491925400744   0.141335885679776 
 0.193356342631181   0.142331297232341 
 0.199299454030155   0.143258180217188 
 0.205319397277402   0.144116169378259 
 0.211414314620449   0.144905072179679 
 0.217582278848943   0.145624870245094 
 0.223821305197047   0.146275697074077 
 0.230129430093123   0.146857821471477 
 0.236504592569307   0.147371693967487 
 0.242944757471545   0.14781799915279 
 0.249447850701019   0.148197637452313 
 0.256011760121189   0.148511504759153 
 0.262634438608527   0.148760229420723 
 0.269313769642656   0.14894449701798 
 0.276047637975237   0.14906453594943 
 0.282833908543588   0.149120260257312 
 0.289670382707271   0.149111738952155 
 0.296554855341323   0.149039338623121 
 0.303485062211681   0.14890359240928 
 0.310458722509542   0.148705150512198 
 0.317473555197644   0.148444777351427 
 0.32452722973322   0.148123366350541 
 0.331617436191863   0.1477419566945 
 0.338741844528547   0.147301721477741 
 0.345898106012204   0.146803955151113 
 0.353083904646969   0.146250067628172 
 0.360296896222813   0.145641585972087 
 0.367534755757736   0.144980150111123 
 0.374795179654033   0.144267509062438 
 0.382075846152289   0.143505512294905 
 0.389374472910098   0.142696072331027 
 0.396688780629135   0.141841182579939 
 0.404016499936523   0.140942955282043 
 0.411355419338247   0.140003658515257 
 0.418703325713813   0.139025641215291 
 0.426057998018897   0.138011052463363 
 0.433417210176542   0.136961806091397 
 0.440778722100646   0.135879775600564 
 0.448140214142913   0.134766193814619 
 0.455499327814673   0.133621988430659 
 0.462853716936157   0.132448161031208 
 0.470201075521   0.131245880831959 
 0.47753911407624   0.130016379908145 
 0.484865560784821   0.128760902923341 
 0.49217816802956   0.127480692443034 
 0.49947470693837   0.126177013722127 
 0.506752980674335   0.124851160409153 
 0.514010824517165   0.123504449997367 
 0.521246100453557   0.122138214802457 
 0.52845670939269   0.120753795229774 
 0.535640586125763   0.119352538963264 
 0.54279570042918   0.117935799112601 
 0.549920066621386   0.116504930574461 
 0.557011736381054   0.115061287467745 
 0.564068803590154   0.113606217928636 
 0.571089408730687   0.112141059982516 
 0.578071733745745   0.110667142251315 
 0.585014010133109   0.109185785314357 
 0.591914518789249   0.107698298093899 
 0.598771585438323   0.106205968064482 
 0.605583582613166   0.104710035697259 
 0.612348930312146   0.10321170868504 
 0.619066036230696   0.101712136034563 
 0.625733480268836   0.100212248071063 
 0.632349733034498   0.09871295737534999 
 0.638913372929048   0.0972151547806617 
 0.645423037495082   0.09571972501254623 
 0.651877419174246   0.09422753279436963 
 0.658275266314655   0.09273941729468486 
 0.664615383573664   0.09125619136722077 
 0.670896631496836   0.08977864377630693 
 0.677117928398616   0.08830753901327726 
 0.683278249567182   0.08684361626503925 
 0.689376626636035   0.08538758832786901 
 0.695412148639654   0.08394014061537454 
 0.701383960806009   0.08250193117024526 
 0.707291264429818   0.0810735903585157 
 0.713133317181503   0.07965572045125585 
 0.718909431745508   0.07824889568757608 
 0.724618975800718   0.07685366214801644 
 0.73026137160359   0.07547053771510187 
 0.735836094689213   0.07410001213753098 
 0.74134267356611   0.0727425464914243 
 0.746780688821129   0.07139857364898695 
 0.752149772204722   0.07006849939500091 
 0.757449606638618   0.06875270441632912 
 0.762679924565533   0.06745154318146016 
 0.76784050603066   0.06616534076542113 
 0.772931176669257   0.06489438829388522 
 0.777951808281811   0.06363895122022292 
 0.782902325331081   0.06239929970028461 
 0.787782706807021   0.06117572076317835 
 0.792592974299281   0.05996847683733834 
 0.797333193274346   0.05877781543024001 
 0.802003470852853   0.05760396594409568 
 0.806603951490307   0.05644712863940472 
 0.811134814994201   0.05530747203908928 
 0.815596275956768   0.0541851366279078 
 0.819988583036482   0.05308023791786153 
 0.824312017920934   0.05199286812221387 
 0.828566893896497   0.05092309626059301 
 0.832753554515507   0.04987096886041882 
 0.836872372358281   0.04883651093710835 
 0.840923747932535   0.04781972719526808 
 0.844908108409223   0.04682060316145448 
 0.848825906449137   0.04583910614043349 
 0.852677619045198   0.04487518612027647 
 0.856463746234157   0.04392877679620219 
 0.86018481002257   0.04299979646840195 
 0.863841353221053   0.04208814898790494 
 0.867433938227255   0.04119372471954533 
 0.870963146016026   0.04031640133669859 
 0.874429574950194   0.03945604471763744 
 0.877833839688016   0.03861250978215183 
 0.881176570205075   0.03778564126438847 
 0.884458410648035   0.03697527461540689 
 0.887680018370764   0.03618123667353537 
 0.890842062921079   0.03540334627850182 
 0.893945224943725   0.03464141489126528 
 0.896990195377395   0.0338952474118696 
 0.899977674591567   0.03316464337663536 
 0.902908371473358   0.03244939761122451 
 0.905783002394792   0.03174929984354134 
 0.908602289760775   0.03106413317712138 
 0.911366961619001   0.0303936762033543 
 0.91407775199159   0.02973770820942203 
 0.916735401230117   0.02909601464823846 
 0.919340652897734   0.02846837737487095 
 0.921894244960308   0.02785454158900841 
 0.924396910815978   0.0272542234180691 
 0.926849385081278   0.02666713685808367 
 0.929252397381146   0.02609297047479924 
 0.931606677766051   0.02553141343979929 
 0.933912960787902   0.02498217539748265 
 0.936171985506077   0.02444498911857024 
 0.93838449001688   0.02391959035044572 
 0.940551203164489   0.023405684991827 
 0.942672849894984   0.02290297428324066 
 0.944750169834215   0.022411235762655 
 0.946783927813684   0.02193036988707808 
 0.94877487862979   0.02146025287318405 
 0.95072371613465   0.02100052279717443 
 0.952631106853887   0.0205507238477545 
 0.954497748879673   0.0201105574912538 
 0.956324381261821   0.0196799237816708 
 0.958111735198907   0.01925871611091023 
 0.959860516840501   0.01884674970500002 
 0.96157142078819   0.01844382006877721 
 0.963245137493469   0.01804973546294237 
 0.964882352785863   0.01766431598007078 
 0.966483745393804   0.0172873840512322 
 0.968049985898577   0.01691876091026008 
 0.969581737576748   0.01655827101015266 
 0.971079656564683   0.01620574349348965 
 0.972544391582458   0.01586101169219094 
 0.973976583632393   0.01552391240362584 
 0.975376865830362   0.01519428570643965 
 0.976745863308688   0.01487197518984863 
 0.97808419308289   0.01455682801986195 
 0.979392463968237   0.01424869454873338 
 0.980671276566697   0.01394742765491382 
 0.981921223111317   0.0136528831136992 
 0.983142887086263   0.0133649213726816 
 0.98433684324159   0.0130834070422139 
 0.985503658511893   0.01280820286971801 
 0.986643892284655   0.01253916776572323 
 0.987758093227909   0.01227617389911438 
 0.988846796517348   0.01201912050042203 
 0.989910531861004   0.01176787495996814 
 0.990949831841746   0.01152218628403675 
 0.991965197669498   0.01128183007707261 
 0.992957016088128   0.0110467498130518 
 0.993925626261215   0.01081639137782887 
 0.994871255074312   0.01058758629939228 
 0.995793548227384   0.01035617214417329 
 0.996689506923441   0.01011575394022519 
 0.997553244451155   0.00984733878334902 
 0.998369854051493   0.009486469690554843 
 0.999078227246408   0.008973949554572844 
 0.999540529592523   0.008281576600399633 
 1.0   0.007476944544846999 

