1.0   0.00094 
0.99944304   0.00103065 
0.99812049   0.00124638 
0.99569352   0.00164402 
0.99230484   0.00220291 
0.98802844   0.00291409 
0.98281508   0.00378945 
0.97666422   0.00483319 
0.96964069   0.0060382 
0.96174313   0.00740799 
0.95297315   0.00894481 
0.94338928   0.01063951 
0.93301284   0.01252416 
0.92185147   0.014572 
0.90995468   0.01679743 
0.89736121   0.01918007 
0.88408503   0.02174274 
0.8701629   0.0244546 
0.85565276   0.02734973 
0.84057695   0.03038334 
0.82497463   0.0335578 
0.80889455   0.03687673 
0.79236237   0.04034551 
0.77542101   0.04394717 
0.75812546   0.04766271 
0.7405018   0.0514856 
0.72259209   0.05540822 
0.70444539   0.05935846 
0.68608843   0.06338795 
0.66757021   0.06740015 
0.64892678   0.07143043 
0.63018643   0.07541763 
0.61140138   0.07938054 
0.59259673   0.08322037 
0.57380843   0.08694859 
0.5550757   0.09053734 
0.53641763   0.0939943 
0.51787958   0.09729729 
0.49948103   0.10036579 
0.48125155   0.10331235 
0.46322225   0.10607106 
0.44540666   0.10853282 
0.42784323   0.11080624 
0.41053864   0.11273489 
0.39352525   0.11446777 
0.37681123   0.11590406 
0.36041977   0.11702887 
0.34436494   0.11783286 
0.32865846   0.11838114 
0.31331898   0.11853 
0.29834798   0.11841639 
0.2837658   0.11788959 
0.26956679   0.1171256 
0.25577362   0.11610432 
0.2423778   0.11482051 
0.22939648   0.1132508 
0.21681735   0.11140878 
0.20465763   0.10943488 
0.19290757   0.10728747 
0.18157496   0.10495952 
0.17065819   0.10246481 
0.16014896   0.09993483 
0.15005511   0.09720396 
0.14035465   0.0944128 
0.1310675   0.09156945 
0.12216148   0.08863322 
0.11365876   0.08564543 
0.10553619   0.082602 
0.09779065   0.07954082 
0.09042902   0.07647418 
0.08341621   0.07338251 
0.07677403   0.07029227 
0.0704692   0.06719918 
0.06450016   0.06411436 
0.05888182   0.06106016 
0.05356799   0.05802518 
0.04857581   0.05503441 
0.04389793   0.05207936 
0.03949498   0.04914881 
0.03539484   0.04627113 
0.03157626   0.04344932 
0.02800644   0.0406615 
0.02471592   0.03795784 
0.02168071   0.03530762 
0.01886319   0.03269165 
0.01629514   0.03015797 
0.0139662   0.02768421 
0.01181764   0.02525671 
0.00988361   0.02291827 
0.00818368   0.02065439 
0.00663128   0.01838965 
0.00524853   0.01632704 
0.00408271   0.01433576 
0.00308998   0.0122789 
0.00219098   0.01000166 
0.00145967   0.00710112 
0.00096333   0.0046218 
0.00059878   0.00275976 
0.00028988   0.00126291 
7.804e-05   0.00032267 
0.0   0.0 
7.807e-05   -0.00031745 
0.00029009   -0.00119506 
0.00059937   -0.00249968 
0.00096448   -0.0040402 
0.00146264   -0.00605796 
0.00219661   -0.00861062 
0.00309879   -0.01064741 
0.00409516   -0.01229951 
0.00526774   -0.01388914 
0.00665839   -0.01542391 
0.00821941   -0.01691326 
0.00993095   -0.018543 
0.01187982   -0.02029739 
0.01404463   -0.02206055 
0.01639219   -0.02383464 
0.01898469   -0.02571335 
0.02182867   -0.02764445 
0.02489252   -0.02960227 
0.02822001   -0.03162977 
0.03182924   -0.03370972 
0.03568998   -0.03582576 
0.03984236   -0.03799324 
0.04430035   -0.04020728 
0.04903788   -0.04245258 
0.05410025   -0.04473761 
0.05948747   -0.04705148 
0.06518787   -0.04938937 
0.07124791   -0.05176912 
0.07764648   -0.05417055 
0.08439704   -0.0565876 
0.0915234   -0.05901518 
0.09900711   -0.06144042 
0.10688721   -0.0638658 
0.11514762   -0.06627274 
0.12380644   -0.06864841 
0.13287211   -0.07099827 
0.14233176   -0.07329403 
0.1522146   -0.07554549 
0.16249918   -0.07773395 
0.17321393   -0.07982626 
0.18434125   -0.08182466 
0.19590296   -0.08370902 
0.20788328   -0.08544832 
0.22029378   -0.08703499 
0.23312344   -0.08846568 
0.24637487   -0.08971729 
0.26004146   -0.09075297 
0.27412439   -0.09157733 
0.28861129   -0.0921612 
0.30349962   -0.09245766 
0.3187741   -0.09247435 
0.33443448   -0.09216287 
0.35045732   -0.09149343 
0.36684322   -0.09046835 
0.38356093   -0.08903859 
0.40060975   -0.08720695 
0.41795607   -0.08496013 
0.4355933   -0.08226184 
0.4534925   -0.07911059 
0.47163211   -0.07550249 
0.48999236   -0.07147457 
0.50853595   -0.0670522 
0.52724867   -0.06234033 
0.5460886   -0.05743173 
0.5650309   -0.05235704 
0.58404504   -0.04718857 
0.603088   -0.04196804 
0.62213765   -0.03681547 
0.64114752   -0.03177633 
0.66008031   -0.02692515 
0.67890619   -0.02230712 
0.69757164   -0.01797987 
0.71604492   -0.01398064 
0.73429135   -0.01032443 
0.75225234   -0.00703746 
0.76989792   -0.00411605 
0.78719153   -0.00155747 
0.80407383   0.00059313 
0.82051349   0.00235599 
0.83646946   0.00375549 
0.85189026   0.00481536 
0.86674791   0.00553358 
0.8810097   0.00595799 
0.89461041   0.00609949 
0.90752456   0.00599693 
0.9197304   0.00565716 
0.9311753   0.00513478 
0.94182765   0.00447175 
0.95167536   0.00377384 
0.96067486   0.00309945 
0.96878747   0.00245775 
0.97601191   0.00185661 
0.98233053   0.00130603 
0.98768615   0.00082003 
0.99208631   0.00040675 
0.99557391   6.986e-05 
0.99806302   -0.00017578 
0.99942968   -0.00031253 
1.0   -0.00037 
