1.0   0.01298 
0.99944304   0.01325853 
0.99812049   0.01353706 
0.99569352   0.01425486 
0.99230484   0.01525428 
0.98802844   0.01651103 
0.98281508   0.01803672 
0.97666422   0.01982832 
0.96964069   0.02186386 
0.96174313   0.02414104 
0.95297315   0.02665721 
0.94338928   0.02939433 
0.93301284   0.03232052 
0.92185147   0.03546139 
0.90995468   0.03882788 
0.89736121   0.04241907 
0.88408503   0.04621907 
0.8701629   0.0502115 
0.85565276   0.05437484 
0.84057695   0.05871183 
0.82497463   0.06320372 
0.80889455   0.06783179 
0.79236237   0.07258367 
0.77542101   0.0774446 
0.75812546   0.08239019 
0.7405018   0.0874051 
0.72259209   0.09248713 
0.70444539   0.09759082 
0.68608843   0.10272181 
0.66757021   0.10784802 
0.64892678   0.11295158 
0.63018643   0.11803077 
0.61140138   0.12305212 
0.59259673   0.12798755 
0.57380843   0.13283094 
0.5550757   0.13755364 
0.53641763   0.14213236 
0.51787958   0.14655625 
0.49948103   0.15079572 
0.48125155   0.154834 
0.46322225   0.15864807 
0.44540666   0.16221448 
0.42784323   0.16552639 
0.41053864   0.16856113 
0.39352525   0.17131655 
0.37681123   0.17376419 
0.36041977   0.17590809 
0.34436494   0.17773697 
0.32865846   0.17926124 
0.31331898   0.1804571 
0.29834798   0.18132691 
0.2837658   0.18187835 
0.26956679   0.18211123 
0.25577362   0.18203856 
0.2423778   0.1816423 
0.22939648   0.18093968 
0.21681735   0.17992886 
0.20465763   0.17862311 
0.19290757   0.17701528 
0.18157496   0.17511379 
0.17065819   0.17293277 
0.16014896   0.17048889 
0.15005511   0.16779353 
0.14035465   0.16485463 
0.1310675   0.16169458 
0.12216148   0.15833173 
0.11365876   0.15478881 
0.10553619   0.15107876 
0.09779065   0.14720829 
0.09042902   0.1431886 
0.08341621   0.13900782 
0.07677403   0.13472385 
0.0704692   0.13032428 
0.06450016   0.12581676 
0.05888182   0.12122098 
0.05356799   0.1165324 
0.04857581   0.11179119 
0.04389793   0.1070022 
0.03949498   0.10214717 
0.03539484   0.09729272 
0.03157626   0.09242295 
0.02800644   0.08751215 
0.02471592   0.082622 
0.02168071   0.07774621 
0.01886319   0.07282291 
0.01629514   0.06792968 
0.0139662   0.06314469 
0.01181764   0.05839354 
0.00988361   0.05371176 
0.00818368   0.04930104 
0.00663128   0.04462295 
0.00524853   0.03955245 
0.00408271   0.03423391 
0.00308998   0.02812695 
0.00219098   0.02159887 
0.00145967   0.01655986 
0.00096333   0.01252495 
0.00059878   0.0086197 
0.00028988   0.00433033 
7.804e-05   0.00116483 
0.0   0 
7.807e-05   -0.00122141 
0.00029009   -0.00493025 
0.00059937   -0.01006582 
0.00096448   -0.01404194 
0.00146264   -0.01818461 
0.00219661   -0.02325986 
0.00309879   -0.02895118 
0.00409516   -0.03402694 
0.00526774   -0.0386738 
0.00665839   -0.04323037 
0.00821941   -0.04768713 
0.00993095   -0.05194808 
0.01187982   -0.05640002 
0.01404463   -0.06095587 
0.01639219   -0.06550064 
0.01898469   -0.07015335 
0.02182867   -0.07483557 
0.02489252   -0.07944017 
0.02822001   -0.08403249 
0.03182924   -0.08861876 
0.03568998   -0.0931531 
0.03984236   -0.09767683 
0.04430035   -0.10219736 
0.04903788   -0.1066798 
0.05410025   -0.1111375 
0.05948747   -0.11555036 
0.06518787   -0.11988963 
0.07124791   -0.12416757 
0.07764648   -0.12835267 
0.08439704   -0.13244594 
0.0915234   -0.13644393 
0.09900711   -0.14032619 
0.10688721   -0.14410659 
0.11514762   -0.14776228 
0.12380644   -0.15130027 
0.13287211   -0.15469824 
0.14233176   -0.15792918 
0.1522146   -0.16099444 
0.16249918   -0.1638649 
0.17321393   -0.16652604 
0.18434125   -0.16898536 
0.19590296   -0.1712123 
0.20788328   -0.17318495 
0.22029378   -0.17488931 
0.23312344   -0.17629521 
0.24637487   -0.1773821 
0.26004146   -0.17812893 
0.27412439   -0.17850404 
0.28861129   -0.17851925 
0.30349962   -0.17811179 
0.3187741   -0.17729404 
0.33443448   -0.17604386 
0.35045732   -0.17433908 
0.36684322   -0.17216093 
0.38356093   -0.1694972 
0.40060975   -0.1663269 
0.41795607   -0.16263694 
0.4355933   -0.15840197 
0.4534925   -0.15361785 
0.47163211   -0.14832974 
0.48999236   -0.14256755 
0.50853595   -0.13636209 
0.52724867   -0.12973893 
0.5460886   -0.12273428 
0.5650309   -0.11537409 
0.58404504   -0.10772338 
0.603088   -0.09984354 
0.62213765   -0.09178588 
0.64114752   -0.08364761 
0.66008031   -0.07551824 
0.67890619   -0.06749519 
0.69757164   -0.05967989 
0.71604492   -0.05219166 
0.73429135   -0.04509834 
0.75225234   -0.03849862 
0.76989792   -0.03246027 
0.78719153   -0.02700348 
0.80407383   -0.02213341 
0.82051349   -0.01786296 
0.83646946   -0.01419831 
0.85189026   -0.0111631 
0.86674791   -0.00876892 
0.8810097   -0.00697163 
0.89461041   -0.00574853 
0.90752456   -0.0050322 
0.9197304   -0.00479161 
0.9311753   -0.004 
0.94182765   -0.0037 
0.95167536   -0.0034 
0.96067486   -0.0031 
0.96878747   -0.0028 
0.97601191   -0.0025 
0.98233053   -0.0022 
0.98768615   -0.0019 
0.99208631   -0.0016 
0.99557391   -0.0013 
0.99806302   -0.001 
0.99942968   -0.0007 
1.0   -0.0007 
