1.0   0.01245 
0.9917   0.0146 
0.98339   0.01675 
0.97509   0.01888 
0.96678   0.021 
0.95847   0.0231 
0.95016   0.0252 
0.94186   0.0273 
0.93356   0.0294 
0.92526   0.03151 
0.91697   0.03364 
0.90869   0.03578 
0.90042   0.03793 
0.89215   0.04009 
0.88388   0.04226 
0.87562   0.04443 
0.86736   0.0466 
0.85911   0.04878 
0.85086   0.05097 
0.84261   0.05315 
0.83437   0.05535 
0.82613   0.05754 
0.81789   0.05973 
0.80966   0.06193 
0.80143   0.06412 
0.7932   0.0663 
0.78497   0.06849 
0.77674   0.07067 
0.76852   0.07285 
0.76029   0.07503 
0.75207   0.0772 
0.74385   0.07937 
0.73562   0.08153 
0.7274   0.08369 
0.71918   0.08584 
0.71096   0.08798 
0.70273   0.09011 
0.69451   0.09223 
0.68629   0.09434 
0.67806   0.09644 
0.66983   0.09853 
0.66161   0.10062 
0.65338   0.10268 
0.64514   0.10474 
0.63691   0.10678 
0.62867   0.10881 
0.62044   0.11083 
0.61219   0.11283 
0.60395   0.11481 
0.5957   0.11678 
0.58745   0.11874 
0.5792   0.12067 
0.57094   0.12259 
0.56268   0.12449 
0.55441   0.12636 
0.54614   0.12822 
0.53787   0.13005 
0.52959   0.13187 
0.5213   0.13365 
0.51301   0.13542 
0.50471   0.13715 
0.49641   0.13886 
0.48813   0.14053 
0.47986   0.14218 
0.47159   0.14378 
0.4633   0.14536 
0.45501   0.14689 
0.44671   0.14838 
0.4384   0.14984 
0.43008   0.15124 
0.42176   0.1526 
0.41342   0.15392 
0.40507   0.15518 
0.39672   0.15639 
0.38835   0.15755 
0.37998   0.15865 
0.37159   0.15969 
0.3632   0.16067 
0.35479   0.16158 
0.34638   0.16242 
0.33796   0.16319 
0.32953   0.16389 
0.32109   0.16451 
0.31264   0.16504 
0.30418   0.16549 
0.29572   0.16586 
0.28725   0.16613 
0.27878   0.1663 
0.2703   0.16636 
0.26182   0.16632 
0.25334   0.16615 
0.24486   0.16587 
0.23638   0.16546 
0.2279   0.16491 
0.21943   0.16423 
0.21097   0.1634 
0.20253   0.1624 
0.1941   0.16125 
0.1857   0.15991 
0.17733   0.15839 
0.16898   0.15668 
0.16068   0.15478 
0.15243   0.15266 
0.14423   0.15033 
0.1361   0.14779 
0.12803   0.14502 
0.12004   0.14203 
0.11215   0.1388 
0.10436   0.13531 
0.09669   0.13157 
0.08915   0.12757 
0.08176   0.12331 
0.07453   0.11877 
0.06748   0.11395 
0.06064   0.10886 
0.05402   0.10348 
0.04763   0.09783 
0.04151   0.09189 
0.03567   0.08568 
0.03015   0.07919 
0.02498   0.07242 
0.02018   0.06539 
0.01577   0.0581 
0.01178   0.05056 
0.0083   0.04277 
0.00551   0.03473 
0.0034   0.02648 
0.00177   0.01806 
0.00052   0.00955 
0.0   0.00098 
0.00048   -0.00761 
0.00174   -0.01613 
0.00344   -0.02443 
0.00581   -0.03254 
0.00892   -0.04061 
0.01269   -0.0484 
0.01696   -0.05589 
0.02165   -0.0631 
0.02674   -0.07004 
0.03223   -0.07669 
0.03808   -0.08304 
0.04424   -0.0891 
0.05068   -0.09487 
0.05737   -0.10036 
0.06428   -0.10559 
0.07139   -0.11054 
0.07869   -0.11522 
0.08616   -0.11964 
0.09378   -0.1238 
0.10153   -0.12771 
0.1094   -0.13138 
0.11738   -0.13483 
0.12545   -0.13805 
0.13361   -0.14107 
0.14184   -0.14388 
0.15013   -0.14648 
0.15849   -0.14889 
0.16691   -0.15111 
0.17537   -0.15313 
0.18388   -0.15498 
0.19242   -0.15666 
0.20099   -0.15816 
0.2096   -0.1595 
0.21822   -0.16068 
0.22687   -0.16169 
0.23554   -0.16255 
0.24423   -0.16325 
0.25292   -0.16381 
0.26162   -0.16421 
0.27033   -0.16447 
0.27905   -0.16458 
0.28776   -0.16456 
0.29648   -0.1644 
0.30519   -0.1641 
0.31389   -0.16368 
0.32259   -0.16312 
0.33128   -0.16244 
0.33996   -0.16164 
0.34863   -0.16071 
0.35728   -0.15967 
0.36592   -0.15851 
0.37455   -0.15723 
0.38315   -0.15585 
0.39174   -0.15435 
0.40031   -0.15274 
0.40885   -0.15103 
0.41738   -0.14921 
0.42588   -0.14729 
0.43435   -0.14527 
0.44281   -0.14316 
0.45123   -0.14094 
0.45963   -0.13864 
0.46801   -0.13625 
0.47636   -0.13378 
0.48469   -0.13123 
0.493   -0.12861 
0.50128   -0.12592 
0.50954   -0.12316 
0.51777   -0.12034 
0.52599   -0.11746 
0.53418   -0.11452 
0.54235   -0.11153 
0.5505   -0.10849 
0.55863   -0.1054 
0.56675   -0.10226 
0.57484   -0.09909 
0.58293   -0.09589 
0.591   -0.09265 
0.59905   -0.08939 
0.6071   -0.08611 
0.61517   -0.08281 
0.62324   -0.0795 
0.63131   -0.07618 
0.63937   -0.07286 
0.64743   -0.06955 
0.65549   -0.06624 
0.66356   -0.06295 
0.67163   -0.05968 
0.67971   -0.05644 
0.6878   -0.05323 
0.6959   -0.05005 
0.70402   -0.04693 
0.71216   -0.04386 
0.72031   -0.04085 
0.72849   -0.0379 
0.73669   -0.03502 
0.74491   -0.03221 
0.75315   -0.02949 
0.76143   -0.02685 
0.76973   -0.02431 
0.77805   -0.02187 
0.78641   -0.01954 
0.7948   -0.01733 
0.80321   -0.01523 
0.81165   -0.01325 
0.82012   -0.01138 
0.82861   -0.00965 
0.83712   -0.00805 
0.84566   -0.00658 
0.85422   -0.00526 
0.8628   -0.0041 
0.87141   -0.0031 
0.88003   -0.00227 
0.88866   -0.00161 
0.89733   -0.00114 
0.90601   -0.00084 
0.91468   -0.00073 
0.92334   -0.00081 
0.93199   -0.00107 
0.94063   -0.00152 
0.94925   -0.00216 
0.95784   -0.00302 
0.96639   -0.00415 
0.97489   -0.00559 
0.98332   -0.00734 
0.99168   -0.00939 
1.0   -0.01163 
