 1.0   -0.024485359426 
 0.999885603812   -0.025379776879 
 0.999599078732   -0.025932375917 
 0.99901959988   -0.02588484791 
 0.998329846333   -0.025361987212 
 0.997638361995   -0.024583936875 
 0.996953201831   -0.023698632183 
 0.996259602032   -0.022770901134 
 0.995545698215   -0.021823802434 
 0.99480262026   -0.020866715836 
 0.994022754834   -0.019905390115 
 0.993199828409   -0.018943920569 
 0.992328985921   -0.017985240482 
 0.991406037323   -0.017032318741 
 0.990426858275   -0.016089529485 
 0.98938722735   -0.015163235486 
 0.98828310957   -0.014261072016 
 0.98711146905   -0.013390741577 
 0.985871132152   -0.012558983599 
 0.984562597404   -0.011771476855 
 0.983187430347   -0.011032604989 
 0.981747936002   -0.010344273155 
 0.980247050005   -0.009705050572 
 0.978688208882   -0.009111148406 
 0.977074903881   -0.0085579386 
 0.975409788405   -0.008041492948 
 0.973694058824   -0.007559462148 
 0.971927967676   -0.007110476868 
 0.970111460879   -0.006693354957 
 0.968244493161   -0.006306693188 
 0.966327135174   -0.005948712009 
 0.96435961699   -0.005617193313 
 0.962342333682   -0.005309464193 
 0.960275806205   -0.005022503754 
 0.958160529893   -0.00475337117 
 0.955996703926   -0.0045000065 
 0.953784199341   -0.004261659513 
 0.95152350277   -0.004038149077 
 0.949218894041   -0.003828346172 
 0.94688534113   -0.003627688089 
 0.944470497837   -0.003453423835 
 0.942003062409   -0.003296742838 
 0.939482287922   -0.003158187939 
 0.936907444427   -0.003038263122 
 0.934277821294   -0.002937427359 
 0.931592729684   -0.002856088004 
 0.928851524647   -0.002794594078 
 0.926053529676   -0.002753233287 
 0.923198132798   -0.002732609535 
 0.920284600455   -0.002733915937 
 0.917312274749   -0.002758439583 
 0.914280501262   -0.002807511897 
 0.911188651264   -0.002882509287 
 0.908036124155   -0.002984853488 
 0.904822349998   -0.003116011834 
 0.901546815426   -0.003277496197 
 0.898208973803   -0.003470867829 
 0.89480838631   -0.003697730555 
 0.891344657769   -0.003959733009 
 0.887817364649   -0.004258574993 
 0.884226204393   -0.004595996095 
 0.880570901693   -0.004973782324 
 0.876851235993   -0.005393763791 
 0.873067033887   -0.005857779275 
 0.869218086952   -0.00636731731 
 0.865304078753   -0.006923630454 
 0.861324817584   -0.00752792133 
 0.857280132001   -0.008181353902 
 0.853169900036   -0.008885043846 
 0.848994081202   -0.009640046564 
 0.844752600971   -0.010447372028 
 0.840445529433   -0.011307945888 
 0.836072966727   -0.012222623058 
 0.831635074631   -0.013192175043 
 0.827132110905   -0.014217274754 
 0.82256430459   -0.015298517747 
 0.817932048445   -0.016436370768 
 0.813235775114   -0.017631191823 
 0.808475990912   -0.018883214622 
 0.803653312272   -0.020192530505 
 0.798768331864   -0.021559116904 
 0.79382175271   -0.022982905504 
 0.788813862291   -0.024464535357 
 0.783744804147   -0.026004899194 
 0.778614778431   -0.027604823174 
 0.773423897027   -0.0292651071 
 0.768172399505   -0.030986452307 
 0.762860508661   -0.032769501623 
 0.75748846579   -0.034614823692 
 0.752056568482   -0.036522894705 
 0.746565016742   -0.038494140929 
 0.741014141561   -0.040528397491 
 0.735404251857   -0.042624632208 
 0.729735711866   -0.044781538137 
 0.72400878059   -0.046997652049 
 0.718223850348   -0.049271257698 
 0.71238128707   -0.051600440857 
 0.706481469327   -0.053983069629 
 0.700524829834   -0.056416772978 
 0.694511686905   -0.058899005979 
 0.688442492749   -0.061426959269 
 0.682317604951   -0.063997984718 
 0.676137320852   -0.066609617754 
 0.669901980449   -0.069259207889 
 0.663611793262   -0.071943976101 
 0.657267101348   -0.074660903404 
 0.650868204252   -0.077406806238 
 0.644415402786   -0.080178319752 
 0.637909045217   -0.082971880604 
 0.63134934422   -0.085783808963 
 0.624736651953   -0.088610209524 
 0.618071278041   -0.091447571638 
 0.611353535935   -0.094292914067 
 0.604583791643   -0.097143174386 
 0.59776227398   -0.099995253819 
 0.590889361472   -0.102845902194 
 0.583965393622   -0.105691803872 
 0.576990719828   -0.108529563926 
 0.569965750587   -0.111355694988 
 0.562890761255   -0.114166703783 
 0.555766191504   -0.116958979363 
 0.548592813905   -0.119728885386 
 0.541372319377   -0.122472755433 
 0.534106583025   -0.125186892029 
 0.52679753302   -0.127867573834 
 0.519447252511   -0.130511027881 
 0.512057563563   -0.133113587177 
 0.504630645562   -0.135671477088 
 0.497168620049   -0.138180974393 
 0.489673651583   -0.140638379667 
 0.482147945385   -0.143040027198 
 0.474593730258   -0.145382294924 
 0.467013162809   -0.147661614351 
 0.459408383889   -0.14987448041 
 0.451781564005   -0.152017461202 
 0.444135008958   -0.154087179005 
 0.436470726957   -0.156080435097 
 0.428791071628   -0.157994044146 
 0.421098309528   -0.159824960608 
 0.413394725031   -0.161570257619 
 0.40568261774   -0.163227135152 
 0.397964311627   -0.164792934526 
 0.390242742315   -0.166265484537 
 0.382521719076   -0.1676432603 
 0.374805100203   -0.168924917569 
 0.367096824055   -0.170109239728 
 0.359400468273   -0.171195205781 
 0.351719893465   -0.172181892594 
 0.344058802526   -0.173068544689 
 0.336420842594   -0.173854558159 
 0.328809598748   -0.174539481461 
 0.321228587996   -0.175123015713 
 0.313681253541   -0.17560501451 
 0.306170959359   -0.175985483264 
 0.298700985095   -0.176264578077 
 0.291274625451   -0.176442602353 
 0.283894768499   -0.176520013358 
 0.276564518482   -0.176497404735 
 0.269286773579   -0.176375515057 
 0.262064327344   -0.176155221333 
 0.254899865737   -0.175837535354 
 0.247795964521   -0.175423599684 
 0.240755102741   -0.174914674937 
 0.233780216925   -0.17431183853 
 0.226874814378   -0.173615918518 
 0.220042357501   -0.172827878907 
 0.213285830581   -0.171948794728 
 0.206608315464   -0.170979913275 
 0.2000126056   -0.169922605406 
 0.193501302841   -0.168778370058 
 0.187076818186   -0.167548828051 
 0.180741373074   -0.166235715659 
 0.174497001208   -0.164840877986 
 0.168345610233   -0.163366103484 
 0.162289161004   -0.161812645283 
 0.156329558114   -0.160181761076 
 0.150468254998   -0.158474785643 
 0.14470676134   -0.156693260339 
 0.13904631112   -0.154838834029 
 0.133487952264   -0.152913276983 
 0.128032552099   -0.150918472282 
 0.122680803089   -0.148856407168 
 0.117433228827   -0.146729164378 
 0.112290398103   -0.144538841196 
 0.107255129793   -0.142286832529 
 0.102331150136   -0.139974066171 
 0.097521950775   -0.137601731964 
 0.092830496044   -0.135171152773 
 0.088259313148   -0.132683803578 
 0.083810511073   -0.130141299414 
 0.079485799732   -0.127545383449 
 0.075286509245   -0.12489791525 
 0.071213609274   -0.122200859266 
 0.067267728325   -0.119456297016 
 0.063449225773   -0.1166669831 
 0.059757997822   -0.113836126231 
 0.056193818585   -0.110967033936 
 0.05275614193   -0.108062924286 
 0.049444174231   -0.105126960478 
 0.046256892131   -0.102162246818 
 0.043193059849   -0.099171825055 
 0.040251246026   -0.096158671042 
 0.037429840057   -0.093125691719 
 0.03472713358   -0.090075771443 
 0.032142698772   -0.087012803498 
 0.029677038361   -0.083941350616 
 0.027330414514   -0.080865854491 
 0.025102673324   -0.077790430766 
 0.022993311833   -0.074718923457 
 0.021001506696   -0.071654916215 
 0.019126141693   -0.068601743432 
 0.017365834051   -0.065562501147 
 0.015718959582   -0.06254005775 
 0.014182936205   -0.059537064447 
 0.012749709344   -0.05655600726 
 0.011409312034   -0.053599049566 
 0.010152584676   -0.050668293449 
 0.008971062458   -0.047765621045 
 0.007861339467   -0.044892745782 
 0.006834625934   -0.042051221233 
 0.005903546982   -0.03924244968 
 0.005078919649   -0.036467690386 
 0.004369508746   -0.033728088727 
 0.003769314776   -0.031025394684 
 0.003256458355   -0.02836207639 
 0.00281020033   -0.025740240912 
 0.002411939281   -0.023161819192 
 0.002046428559   -0.020628436259 
 0.001707802293   -0.018141468576 
 0.001393428104   -0.015702062612 
 0.001100889352   -0.013311152416 
 0.000828126315   -0.010969456926 
 0.000577965148   -0.008676942813 
 0.000358116656   -0.006432837875 
 0.000175518837   -0.004236362914 
 3.6088747e-05   -0.002086649546 
 -5.5176406e-05   1.7073856e-05 
 -9.4129997e-05   0.002075605857 
 -7.7398104e-05   0.004089740222 
 6.0342e-08   0.00610396059 
 0.000144824842   0.008162718841 
 0.000348259372   0.010266618447 
 0.000596037295   0.012416252073 
 0.000871586749   0.014612141649 
 0.001159346683   0.016854794099 
 0.001455281672   0.019144683363 
 0.001758184422   0.021482230242 
 0.002066671649   0.02386786473 
 0.002380819955   0.026301812633 
 0.002710944441   0.028783571963 
 0.003072579133   0.031312224999 
 0.003483192641   0.033886632475 
 0.003961741238   0.03650549023 
 0.004519984003   0.03916720317 
 0.005163407914   0.041869939058 
 0.005897597791   0.044611571872 
 0.006728424551   0.047389742636 
 0.007658815789   0.050202355578 
 0.008684590224   0.053048460581 
 0.009799679644   0.055927182373 
 0.010996853657   0.058837555738 
 0.012268526914   0.061778500625 
 0.013615288288   0.064748900922 
 0.015043047567   0.067747476075 
 0.016558208391   0.070772859293 
 0.018167609123   0.073823550891 
 0.019877461053   0.076897814966 
 0.021690866064   0.079993147685 
 0.02361027304   0.083106748204 
 0.025638033799   0.086235581065 
 0.027776388857   0.08937636491 
 0.030027452449   0.092525560978 
 0.032393179782   0.095679339219 
 0.03487541796   0.098833655202 
 0.037475770308   0.10198408284 
 0.040195750918   0.105126043509 
 0.043037070008   0.108255478958 
 0.046001618117   0.111368793095 
 0.04909113363   0.114462241405 
 0.052307180232   0.117531914679 
 0.055651130926   0.120573736788 
 0.0591241516   0.123583462715 
 0.062727158351   0.126556656091 
 0.066460902517   0.129488771213 
 0.070325773397   0.132375006342 
 0.074321990459   0.135210674582 
 0.078449397246   0.137992215917 
 0.082707550884   0.14071660049 
 0.087095676961   0.143380829121 
 0.09161265109   0.145981941163 
 0.096256980519   0.148517023797 
 0.101026751875   0.150983204519 
 0.105919748193   0.153377729859 
 0.110933229859   0.155697871321 
 0.116064014102   0.157940989998 
 0.121308887833   0.160104572931 
 0.126666156264   0.162186042398 
 0.132134697984   0.164182894298 
 0.137713154347   0.166092738146 
 0.143399919582   0.167913307411 
 0.1491930921   0.169642457887 
 0.155090631129   0.17127822582 
 0.161090105633   0.17281876492 
 0.167188850572   0.174262405502 
 0.173383921171   0.175607651608 
 0.179672106805   0.176853226858 
 0.186050773674   0.177998594255 
 0.192517384313   0.179043761247 
 0.199069240141   0.179989016357 
 0.20570342897   0.18083492258 
 0.212416776667   0.181582319271 
 0.219206036403   0.182232348428 
 0.226067605822   0.182786428212 
 0.232997716619   0.183246278758 
 0.239992389572   0.183613919651 
 0.24704741083   0.183891650186 
 0.254159534197   0.184081196392 
 0.261326620944   0.184183325979 
 0.268546601069   0.184198924918 
 0.275817328449   0.184129079838 
 0.283136531165   0.183975079645 
 0.290502019942   0.183738410094 
 0.297911381648   0.18342075904 
 0.305362187496   0.183024010642 
 0.312851944551   0.182550243339 
 0.320378045699   0.182001730353 
 0.32793798486   0.181380711887 
 0.335529042766   0.180688823562 
 0.343148502056   0.179927657202 
 0.350793544378   0.17909895012 
 0.358461469581   0.178204557309 
 0.366149377142   0.177246481894 
 0.373854385312   0.176226847217 
 0.381573581777   0.175147896887 
 0.389303973714   0.174011996935 
 0.397042709916   0.172821596993 
 0.404786787833   0.171579234801 
 0.412533641483   0.170287030641 
 0.420280987387   0.16894682083 
 0.4280264951   0.167560516729 
 0.435768001206   0.166130068317 
 0.443503184921   0.164657517232 
 0.451229788498   0.163144952408 
 0.458945565187   0.161594513826 
 0.466648227517   0.160008397811 
 0.474335666291   0.158388806076 
 0.482005627848   0.15673800651 
 0.489655933168   0.155058282573 
 0.497284425896   0.153351938089 
 0.504888921141   0.151621303266 
 0.51246742139   0.149868679635 
 0.520017797652   0.148096406976 
 0.527538005601   0.146306808729 
 0.535026033955   0.144502198163 
 0.542479854049   0.142684885399 
 0.549897631111   0.140857120575 
 0.557277411414   0.139021165119 
 0.56461732035   0.137179114777 
 0.571915451333   0.135332371598 
 0.579169918611   0.133482096495 
 0.586378884871   0.131629438291 
 0.593540462427   0.129775557898 
 0.600653116968   0.127921521969 
 0.607715064419   0.126068457472 
 0.61472467582   0.124217445554 
 0.621680377369   0.122369545894 
 0.628580651421   0.120525795096 
 0.635424037376   0.118687205186 
 0.642209132456   0.116854762224 
 0.648934592364   0.115029425032 
 0.655599131839   0.113212124038 
 0.662201432663   0.111403785601 
 0.668740514615   0.109605229457 
 0.675215178431   0.107817320557 
 0.681624378309   0.106040866472 
 0.687967128613   0.104276642312 
 0.694242503789   0.102525390249 
 0.700449638184   0.100787819148 
 0.70658772577   0.0990646043 
 0.712656019777   0.097356387256 
 0.718653832238   0.09566377576 
 0.724580450584   0.09398736724 
 0.730435469503   0.092327654816 
 0.736218290011   0.090685169003 
 0.741928453173   0.089060383423 
 0.747565555395   0.087453738851 
 0.753129247515   0.085865643637 
 0.758619233839   0.084296474194 
 0.764035271122   0.082746575542 
 0.769377167492   0.081216261908 
 0.774644781321   0.079705817382 
 0.779837947538   0.078215517433 
 0.78495676757   0.076745546071 
 0.790001169795   0.075296122415 
 0.79497120151   0.073867417352 
 0.799866954054   0.072459575473 
 0.804688561477   0.071072715934 
 0.809436198553   0.069706927626 
 0.814110077281   0.068362250715 
 0.818710447787   0.067038698303 
 0.823237597784   0.065736265046 
 0.827691789001   0.064454945783 
 0.832073505366   0.063194664487 
 0.836383075645   0.061955383162 
 0.840620923664   0.0607370302 
 0.844787503729   0.059539519295 
 0.848883299209   0.058362750179 
 0.852908821139   0.057206609354 
 0.856864606832   0.056070970805 
 0.860751218506   0.05495569671 
 0.864569241926   0.053860638128 
 0.868319232795   0.052785650667 
 0.872001925477   0.051730534935 
 0.875617915215   0.050695127923 
 0.879167868809   0.049679242866 
 0.88265247014   0.048682685116 
 0.886072418952   0.047705252747 
 0.889428429663   0.046746737123 
 0.892721230197   0.045806923464 
 0.895951560852   0.044885591382 
 0.899120129054   0.043982527979 
 0.902227785703   0.043097477794 
 0.905275256713   0.042230219496 
 0.908263321146   0.041380515286 
 0.911192765232   0.040548124168 
 0.914064381418   0.039732802374 
 0.916878967456   0.038934303773 
 0.919637325525   0.038152380253 
 0.922340261376   0.037386782097 
 0.92498858352   0.036637258327 
 0.927583066318   0.035903567252 
 0.930124594094   0.035185434528 
 0.932613922099   0.034482551573 
 0.935051815783   0.033794512042 
 0.937439043238   0.033120921351 
 0.939776376737   0.032461404061 
 0.942064591679   0.031815602625 
 0.944304465595   0.031183176211 
 0.94649677721   0.030563799592 
 0.948642305551   0.029957162102 
 0.950716207571   0.029369842727 
 0.952763831234   0.028789561503 
 0.954772668865   0.028219639891 
 0.956739132248   0.027660995526 
 0.958662927698   0.027113663902 
 0.960544612696   0.026577458705 
 0.962384913275   0.026052155713 
 0.964184579213   0.025537531228 
 0.965944358168   0.025033368381 
 0.967664991362   0.024539457661 
 0.969347215834   0.024055595641 
 0.970991768325   0.0235815833 
 0.972599371399   0.023117229514 
 0.97417073842   0.022662349266 
 0.975706576173   0.022216763043 
 0.977207584984   0.021780298512 
 0.978674459479   0.021352794597 
 0.980107889363   0.020934105029 
 0.981508557477   0.020524094545 
 0.982877137217   0.020122632424 
 0.984214293712   0.019729588179 
 0.9855206868   0.019344829468 
 0.986796960196   0.018968225121 
 0.988043745681   0.018599644039 
 0.989261665303   0.018238954718 
 0.990451331189   0.017886025479 
 0.991613345182   0.017540724722 
 0.992748298409   0.017202920962 
 0.993856767992   0.016872480631 
 0.994939285045   0.016549242312 
 0.995996060414   0.016232791783 
 0.997025117914   0.015920940919 
 0.99801299214   0.01560215755 
 0.998904947597   0.015231185284 
 0.999566836511   0.014697146899 
 0.999873731503   0.013893165447 
 1.0   0.012927829275 


