1.0   0.00652 
0.99185   0.00831 
0.98371   0.0101 
0.97556   0.01188 
0.96742   0.01366 
0.95928   0.01544 
0.95114   0.01721 
0.94301   0.01898 
0.93488   0.02076 
0.92675   0.02255 
0.91863   0.02435 
0.91052   0.02617 
0.90241   0.02799 
0.8943   0.02982 
0.8862   0.03166 
0.8781   0.0335 
0.87001   0.03535 
0.86192   0.03721 
0.85384   0.03907 
0.84576   0.04094 
0.83768   0.04281 
0.8296   0.04468 
0.82153   0.04655 
0.81346   0.04843 
0.80539   0.05031 
0.79732   0.05219 
0.78926   0.05407 
0.7812   0.05594 
0.77314   0.05782 
0.76508   0.05969 
0.75702   0.06157 
0.74897   0.06343 
0.74091   0.0653 
0.73285   0.06716 
0.7248   0.06901 
0.71675   0.07086 
0.70869   0.0727 
0.70064   0.07453 
0.69258   0.07636 
0.68452   0.07817 
0.67647   0.07997 
0.66841   0.08176 
0.66035   0.08355 
0.65229   0.08531 
0.64422   0.08707 
0.63616   0.08881 
0.62809   0.09054 
0.62002   0.09225 
0.61195   0.09395 
0.60387   0.09562 
0.5958   0.09729 
0.58772   0.09893 
0.57963   0.10055 
0.57154   0.10215 
0.56345   0.10373 
0.55536   0.10529 
0.54726   0.10683 
0.53916   0.10834 
0.53105   0.10983 
0.52294   0.11129 
0.51482   0.11272 
0.5067   0.11413 
0.49858   0.11551 
0.49045   0.11686 
0.48231   0.11817 
0.47417   0.11946 
0.46603   0.1207 
0.45787   0.12191 
0.44972   0.12307 
0.44155   0.1242 
0.43338   0.12529 
0.42521   0.12633 
0.41702   0.12733 
0.40884   0.12828 
0.40064   0.12918 
0.39244   0.13003 
0.38424   0.13083 
0.37602   0.13157 
0.36781   0.13226 
0.35958   0.13288 
0.35135   0.13345 
0.34312   0.13395 
0.33488   0.13438 
0.32664   0.13474 
0.31839   0.13502 
0.31014   0.13523 
0.30188   0.13537 
0.29363   0.13541 
0.28537   0.13537 
0.27711   0.13524 
0.26886   0.13501 
0.2606   0.13469 
0.25235   0.13426 
0.24411   0.13373 
0.23587   0.13308 
0.22763   0.13233 
0.21941   0.13146 
0.2112   0.13048 
0.20301   0.12936 
0.19483   0.12811 
0.18668   0.12672 
0.17855   0.12518 
0.17045   0.1235 
0.16238   0.12167 
0.15434   0.11969 
0.14635   0.11754 
0.1384   0.11522 
0.1305   0.11274 
0.12265   0.11008 
0.11487   0.10724 
0.10716   0.10422 
0.09952   0.10101 
0.09197   0.09759 
0.08451   0.09398 
0.07715   0.09014 
0.06991   0.08609 
0.0628   0.0818 
0.05584   0.07727 
0.04905   0.07247 
0.04245   0.06739 
0.03607   0.06196 
0.02994   0.05624 
0.02413   0.05049 
0.01869   0.04439 
0.0137   0.03792 
0.00923   0.03107 
0.0054   0.02383 
0.00249   0.01614 
0.00064   0.00809 
0.0   -0.00019 
0.00089   -0.00845 
0.00355   -0.01641 
0.00749   -0.02407 
0.01224   -0.03122 
0.01762   -0.03781 
0.0234   -0.04403 
0.02952   -0.0499 
0.03592   -0.05547 
0.04253   -0.06076 
0.04932   -0.06581 
0.05615   -0.07063 
0.06309   -0.07523 
0.07018   -0.07962 
0.0774   -0.08382 
0.08474   -0.08782 
0.09218   -0.09164 
0.09973   -0.09527 
0.10736   -0.09873 
0.11507   -0.10201 
0.12286   -0.10512 
0.13073   -0.10805 
0.13866   -0.11082 
0.14664   -0.11341 
0.15469   -0.11584 
0.16279   -0.11811 
0.17093   -0.12022 
0.17911   -0.12218 
0.18733   -0.12397 
0.19559   -0.12562 
0.20387   -0.12711 
0.21219   -0.12846 
0.22053   -0.12966 
0.22889   -0.13073 
0.23726   -0.13166 
0.24566   -0.13245 
0.25406   -0.13312 
0.26248   -0.13365 
0.2709   -0.13406 
0.27933   -0.13435 
0.28777   -0.13451 
0.2962   -0.13455 
0.30464   -0.13447 
0.31308   -0.13428 
0.32151   -0.13397 
0.32994   -0.13354 
0.33836   -0.13301 
0.34678   -0.13236 
0.35518   -0.13161 
0.36358   -0.13075 
0.37196   -0.12978 
0.38033   -0.12871 
0.38869   -0.12753 
0.39703   -0.12626 
0.40536   -0.12489 
0.41366   -0.12341 
0.42195   -0.12185 
0.43023   -0.1202 
0.43848   -0.11845 
0.44671   -0.11662 
0.45493   -0.1147 
0.46312   -0.1127 
0.47129   -0.11061 
0.47944   -0.10845 
0.48757   -0.10621 
0.49567   -0.1039 
0.50376   -0.10152 
0.51182   -0.09907 
0.51986   -0.09656 
0.52788   -0.09399 
0.53589   -0.09137 
0.54387   -0.0887 
0.55184   -0.08599 
0.55979   -0.08323 
0.56773   -0.08044 
0.57566   -0.07761 
0.58358   -0.07476 
0.59149   -0.07188 
0.59939   -0.06898 
0.60729   -0.06607 
0.61518   -0.06315 
0.62308   -0.06024 
0.63098   -0.05732 
0.63888   -0.05441 
0.64679   -0.05152 
0.65471   -0.04864 
0.66263   -0.04579 
0.67057   -0.04297 
0.67853   -0.04019 
0.68649   -0.03745 
0.69448   -0.03476 
0.70248   -0.03213 
0.7105   -0.02955 
0.71854   -0.02704 
0.7266   -0.02459 
0.73468   -0.02222 
0.74278   -0.01993 
0.75091   -0.01771 
0.75905   -0.01559 
0.76722   -0.01356 
0.77541   -0.01163 
0.78362   -0.00982 
0.79186   -0.00814 
0.80012   -0.00656 
0.80839   -0.00511 
0.81669   -0.00377 
0.82499   -0.00254 
0.83332   -0.00143 
0.84165   -0.00044 
0.85   0.00045 
0.85835   0.00121 
0.86671   0.00185 
0.87508   0.00237 
0.88346   0.00275 
0.89184   0.003 
0.90022   0.0031 
0.90859   0.00305 
0.91697   0.00287 
0.92533   0.00254 
0.93369   0.00207 
0.94203   0.00147 
0.95037   0.00074 
0.95868   -0.00012 
0.96698   -0.00112 
0.97526   -0.00224 
0.98352   -0.00347 
0.99177   -0.00479 
1.0   -0.00613 
