1.0   0.0105 
0.99944304   0.01086983 
0.99812049   0.0117452 
0.99569352   0.01334146 
0.99230484   0.01554892 
0.98802844   0.01830045 
0.98281508   0.02160574 
0.97666422   0.02544031 
0.96964069   0.02973944 
0.96174313   0.03448209 
0.95297315   0.03964881 
0.94338928   0.045193 
0.93301284   0.05091599 
0.92185147   0.05708281 
0.90995468   0.06358138 
0.89736121   0.07042743 
0.88408503   0.07734661 
0.8701629   0.08467081 
0.85565276   0.0921802 
0.84057695   0.09990118 
0.82497463   0.10756554 
0.80889455   0.11533963 
0.79236237   0.12314445 
0.77542101   0.13105863 
0.75812546   0.13880784 
0.7405018   0.14656091 
0.72259209   0.15414446 
0.70444539   0.16162243 
0.68608843   0.1690763 
0.66757021   0.17621938 
0.64892678   0.18309227 
0.63018643   0.18987002 
0.61140138   0.19625049 
0.59259673   0.20235037 
0.57380843   0.20831587 
0.5550757   0.21376127 
0.53641763   0.21902667 
0.51787958   0.22392548 
0.49948103   0.22835814 
0.48125155   0.23243074 
0.46322225   0.23602942 
0.44540666   0.23922962 
0.42784323   0.24206676 
0.41053864   0.24439517 
0.39352525   0.24632908 
0.37681123   0.24781218 
0.36041977   0.24907553 
0.34436494   0.24961759 
0.32865846   0.25 
0.31331898   0.2499146 
0.29834798   0.24940354 
0.2837658   0.2484402 
0.26956679   0.24723387 
0.25577362   0.2455593 
0.2423778   0.24358422 
0.22939648   0.24124765 
0.21681735   0.2386039 
0.20465763   0.23566026 
0.19290757   0.2324321 
0.18157496   0.22883962 
0.17065819   0.22496679 
0.16014896   0.22083239 
0.15005511   0.21649585 
0.14035465   0.21197874 
0.1310675   0.20722821 
0.12216148   0.20232328 
0.11365876   0.197174 
0.10553619   0.19203678 
0.09779065   0.18655863 
0.09042902   0.18109338 
0.08341621   0.17545947 
0.07677403   0.16968205 
0.0704692   0.16378555 
0.06450016   0.1577649 
0.05888182   0.15169879 
0.05356799   0.14556478 
0.04857581   0.13948626 
0.04389793   0.1333378 
0.03949498   0.1270497 
0.03539484   0.12086576 
0.03157626   0.11468985 
0.02800644   0.10849184 
0.02471592   0.1022246 
0.02168071   0.09589286 
0.01886319   0.08980724 
0.01629514   0.08374779 
0.0139662   0.07773838 
0.01181764   0.07187918 
0.00988361   0.0660103 
0.00818368   0.06018911 
0.00663128   0.0539095 
0.00524853   0.04732699 
0.00408271   0.04014879 
0.00308998   0.03372622 
0.00219098   0.02591034 
0.00145967   0.0200319 
0.00096333   0.01481159 
0.00059878   0.01096429 
0.00028988   0.00515421 
7.804e-05   0.00237777 
0.0   0.0 
7.807e-05   -0.00676349 
0.00029009   -0.0092701 
0.00059937   -0.01485268 
0.00096448   -0.01909805 
0.00146264   -0.02425157 
0.00219661   -0.03028001 
0.00309879   -0.03749177 
0.00409516   -0.04339708 
0.00526774   -0.049743 
0.00665839   -0.05593635 
0.00821941   -0.06191302 
0.00993095   -0.06758273 
0.01187982   -0.07340171 
0.01404463   -0.07913246 
0.01639219   -0.08498169 
0.01898469   -0.09099183 
0.02182867   -0.09692059 
0.02489252   -0.10302984 
0.02822001   -0.10915375 
0.03182924   -0.11531066 
0.03568998   -0.12113778 
0.03984236   -0.12714727 
0.04430035   -0.13319857 
0.04903788   -0.13898026 
0.05410025   -0.1448503 
0.05948747   -0.15067474 
0.06518787   -0.15648787 
0.07124791   -0.16231789 
0.07764648   -0.16795081 
0.08439704   -0.17355519 
0.0915234   -0.17904803 
0.09900711   -0.18436086 
0.10688721   -0.18964752 
0.11514762   -0.19466991 
0.12380644   -0.19967718 
0.13287211   -0.20448577 
0.14233176   -0.20911273 
0.1522146   -0.21356541 
0.16249918   -0.21790461 
0.17321393   -0.22189862 
0.18434125   -0.22585022 
0.19590296   -0.22942761 
0.20788328   -0.23282521 
0.22029378   -0.23594152 
0.23312344   -0.23867787 
0.24637487   -0.24127615 
0.26004146   -0.24342871 
0.27412439   -0.24536479 
0.28861129   -0.24668824 
0.30349962   -0.24775175 
0.3187741   -0.2484068 
0.33443448   -0.2487 
0.35045732   -0.24831476 
0.36684322   -0.2476416 
0.38356093   -0.24639477 
0.40060975   -0.24454631 
0.41795607   -0.24221768 
0.4355933   -0.23936461 
0.4534925   -0.23593587 
0.47163211   -0.23173768 
0.48999236   -0.22714767 
0.50853595   -0.22177388 
0.52724867   -0.21593576 
0.5460886   -0.20951266 
0.5650309   -0.20242622 
0.58404504   -0.19484392 
0.603088   -0.18680862 
0.62213765   -0.1783067 
0.64114752   -0.16936964 
0.66008031   -0.16006127 
0.67890619   -0.15031319 
0.69757164   -0.14049402 
0.71604492   -0.13044955 
0.73429135   -0.12028637 
0.75225234   -0.11020462 
0.76989792   -0.10038818 
0.78719153   -0.0907307 
0.80407383   -0.08140578 
0.82051349   -0.07271636 
0.83646946   -0.06444497 
0.85189026   -0.05666457 
0.86674791   -0.04953952 
0.8810097   -0.04299056 
0.89461041   -0.03713052 
0.90752456   -0.0319789 
0.9197304   -0.02747518 
0.9311753   -0.02370172 
0.94182765   -0.02037524 
0.95167536   -0.01799359 
0.96067486   -0.01593023 
0.96878747   -0.01421422 
0.97601191   -0.01283805 
0.98233053   -0.01177726 
0.98768615   -0.01099873 
0.99208631   -0.01045135 
0.99557391   -0.01008163 
0.99806302   -0.00985456 
0.99942968   -0.00974345 
1.0   -0.0097 
