1.0 -0.0007 
0.9999383162408303 -0.0007073668522290056 
0.9997532801828658 -0.0007293696891672373 
0.9994449374809851 -0.0007657170643160977 
0.9990133642141358 -0.000815928919822919 
0.998458666866564 -0.0008793450362836076 
0.99778098230154 -0.0009551367042183209 
0.9969804777275899 -0.0010423214614794262 
0.996057350657239 -0.0011397806998987002 
0.9950118288582788 -0.0012462799061179535 
0.9938441702975689 -0.0013604912662797683 
0.9925546630773869 -0.001481018332540964 
0.9911436253643444 -0.0016064224216233948 
0.9896114053108829 -0.0017352503921935264 
0.9879583809693737 -0.0018660634290607785 
0.9861849601988384 -0.00199746644824399 
0.9842915805643155 -0.0021281377280429207 
0.982278709228899 -0.0022568583674726418 
0.9801468428384715 -0.0023825411748047247 
0.9778965073991651 -0.002504258595474369 
0.9755282581475768 -0.0026212693001535746 
0.9730426794137726 -0.0027330430701842674 
0.9704403844771128 -0.002839283638577501 
0.9677220154149337 -0.002939949170118458 
0.9648882429441257 -0.0030352700934197403 
0.9619397662556435 -0.003125764030633726 
0.9588773128419905 -0.003212247606519424 
0.9557016383177226 -0.0032958449571722464 
0.9524135262330098 -0.003377992799447525 
0.9490137878803079 -0.0034604419643946916 
0.945503262094184 -0.003545255341309108 
0.9418828150443468 -0.003634802222731128 
0.9381533400219317 -0.0037317490843063413 
0.9343157572190957 -0.0038390468763020913 
0.9303710135019718 -0.003959914945203363 
0.9263200821770462 -0.004097821743657191 
0.9221639627510075 -0.004256462524600443 
0.9179036806841352 -0.004439734250226517 
0.913540287137281 -0.004651707978101426 
0.9090748587125118 -0.004896599014852959 
0.9045084971874737 -0.005178735152106358 
0.8998423292435453 -0.005502523319458077 
0.8950775061878452 -0.005872415005058005 
0.8902152036691648 -0.006292870805662253 
0.8852566213878947 -0.0067683244747388585 
0.8802029828000155 -0.007303146839334899 
0.8750555348152298 -0.007901609953985537 
0.8698155474893049 -0.008567851853066034 
0.8644843137107059 -0.009305842251813834 
0.8590631488815945 -0.010119349530997808 
0.8535533905932737 -0.011011909321150686 
0.8479563982961571 -0.011986794979724418 
0.8422735529643444 -0.013046990228833067 
0.8365062567548867 -0.014195164192806323 
0.830655932661826 -0.015433649044013677 
0.8247240241650917 -0.016764420432781844 
0.8187119948743449 -0.018189080843177968 
0.8126213281678526 -0.01970884598144965 
0.8064535268264883 -0.021324534268467556 
0.8002101126629422 -0.02303655947209425 
0.7938926261462365 -0.024844926480455398 
0.7875026260216393 -0.026749230183071973 
0.7810416889260654 -0.028748657394147992 
0.7745114089990659 -0.0308419917213839 
0.7679133974894985 -0.033027621254879194 
0.7612492823579744 -0.03530354892430556 
0.7545207078751857 -0.03766740534886353 
0.7477293342162038 -0.04011646398382052 
0.7408768370508577 -0.04264765834983894 
0.7339649071302868 -0.045257601116997996 
0.7269952498697734 -0.0479426048044604 
0.7199695849279576 -0.050698703849184686 
0.7128896457825363 -0.05352167779291757 
0.7057571793025544 -0.05640707533585334 
0.6985739453173904 -0.0593502390077193 
0.6913417161825449 -0.062346330212474974 
0.684062276342339 -0.06539035441111475 
0.6767374218896286 -0.0684771862180031 
0.6693689601226458 -0.07160159419949429 
0.6619587090990747 -0.07475826517899958 
0.6545084971874737 -0.07794182786986262 
0.647020162616152 -0.08114687567605527 
0.6394955530196147 -0.0843679885204783 
0.6319365249826865 -0.08759975358119991 
0.6243449435824274 -0.09083678483695069 
0.6167226819279528 -0.09407374134427463 
0.6090716206982713 -0.09730534418959158 
0.6013936476782563 -0.10052639207974469 
0.5936906572928624 -0.10373177555409648 
0.5859645501397048 -0.10691648981963499 
0.5782172325201155 -0.11007564622762012 
0.5704506159687913 -0.11320448242583112 
0.5626666167821521 -0.11629837123429757 
0.5548671555455226 -0.11935282830437254 
0.5470541566592572 -0.12236351863103125 
0.5392295478639225 -0.12532626199629573 
0.5313952597646567 -0.12823703742765996 
0.5235532253548214 -0.1310919867593399 
0.5157053795390641 -0.13388741738613322 
0.5078536586559104 -0.1366198042997344 
0.5000000000000001 -0.13928579149560885 
0.4921463413440897 -0.14188219283513404 
0.4842946204609359 -0.14440599244281613 
0.47644677464517865 -0.14685434471218753 
0.4686047402353434 -0.1492245739866562 
0.4607704521360776 -0.15151417397337213 
0.45294584334074284 -0.15372080693925708 
0.4451328444544774 -0.15584230272901367 
0.43733338321784787 -0.15787665763535152 
0.4295493840312087 -0.15982203314210378 
0.42178276747988463 -0.1616767545515674 
0.4140354498602952 -0.16343930949847496 
0.40630934270713776 -0.1651083463447058 
0.39860635232174374 -0.1666826724413269 
0.39092837930172875 -0.16816125223797104 
0.38327731807204735 -0.16954320521405455 
0.37565505641757263 -0.1708278036019863 
0.3680634750173136 -0.1720144698694253 
0.36050444698038536 -0.17310277392583634 
0.3529798373838481 -0.17409243001811056 
0.3454915028125263 -0.17498329328083437 
0.3380412909009253 -0.1757753559088913 
0.33063103987735437 -0.17646874292340547 
0.3232625781103714 -0.1770637075064893 
0.31593772365766104 -0.17756062588575175 
0.3086582838174551 -0.17795999175593344 
0.30142605468260975 -0.17826241023220404 
0.2942428206974457 -0.17846859133745843 
0.28711035421746367 -0.17857934303419185 
0.28003041507204246 -0.17859556382006606 
0.2730047501302266 -0.17851823491491217 
0.26603509286971333 -0.1783484120754767 
0.2591231629491424 -0.17808721708253802 
0.2522706657837962 -0.17773582895292026 
0.2454792921248144 -0.17729547493625678 
0.23875071764202555 -0.1767674213629675 
0.23208660251050173 -0.17615296441566036 
0.22548859100093416 -0.17545342090093824 
0.2189583110739347 -0.1746701191023071 
0.21249737397836077 -0.1738043897974234 
0.2061073738537635 -0.17285755752426263 
0.199789887337058 -0.1718309321808914 
0.19354647317351176 -0.17072580104235646 
0.1873786718321474 -0.16954342127578984 
0.18128800512565518 -0.16828501303119484 
0.17527597583490823 -0.1669517531805582 
0.1693440673381741 -0.16554476977203483 
0.16349374324511334 -0.1640651372590085 
0.1577264470356557 -0.16251387255601327 
0.15204360170384285 -0.16089193196485393 
0.14644660940672627 -0.15920020900498721 
0.1409368511184056 -0.15743953317239756 
0.13551568628929422 -0.1556106696410243 
0.13018445251069516 -0.15371431991036402 
0.1249444651847702 -0.15175112339238875 
0.11979701719998453 -0.14972165992049302 
0.11474337861210543 -0.14762645315299203 
0.10978479633083515 -0.14546597483385088 
0.10492249381215485 -0.14324064986398596 
0.10015767075645471 -0.1409508621277582 
0.09549150281252627 -0.13859696101127278 
0.0909251412874883 -0.13617926854193452 
0.08645971286271908 -0.13369808707242986 
0.08209631931586486 -0.1311537074270149 
0.07783603724899246 -0.12854641742370732 
0.07367991782295391 -0.12587651068276112 
0.06962898649802818 -0.12314429562964455 
0.0656842427809044 -0.12035010459966775 
0.06184665997806821 -0.11749430295137425 
0.05811718495565327 -0.11457729809681882 
0.05449673790581605 -0.11159954835882765 
0.050986212119692176 -0.10856157156825794 
0.04758647376699027 -0.10546395331803012 
0.044298361682277354 -0.10230735479526798 
0.04112268715800943 -0.0990925201181298 
0.03806023374435663 -0.09582028310977042 
0.035111757055874326 -0.09249157344826224 
0.03227798458506631 -0.0891074221380945 
0.029559615522887273 -0.08566896625599879 
0.02695732058622735 -0.08217745293120376 
0.024471741852423234 -0.07863424252771836 
0.02210349260083494 -0.07504081100378517 
0.019853157161528467 -0.07139875143116677 
0.01772129077110096 -0.06770977466433033 
0.015708419435684462 -0.06397570915683594 
0.013815039801161721 -0.06019849992922949 
0.012041619030626283 -0.05638020669945395 
0.010388594689117125 -0.0525230011931749 
0.00885637463565564 -0.04862916365742952 
0.007445336922613066 -0.04470107860663657 
0.006155829702431115 -0.040741229835209745 
0.0049881711417212315 -0.03675219473581709 
0.003942649342761062 -0.03273663796668033 
0.0030195222724101467 -0.028697304515259345 
0.002219017698460002 -0.024637012209168956 
0.001541333133436018 -0.020558643728295384 
0.0009866357858642205 -0.01646513817477974 
0.0005550625190149927 -0.012359482259864345 
0.0002467198171342 -0.008244701168555843 
6.168375916970614e-05 -0.004123849164658996 
0.0 0.0 
6.168375916970614e-05 0.0041877233596842815 
0.0002467198171342 0.00837560081247048 
0.0005550625190149927 0.012562166939999175 
0.0009866357858642205 0.01674592069615376 
0.001541333133436018 0.020925308731293054 
0.002219017698460002 0.0250987098239914 
0.0030195222724101467 0.02926442075474922 
0.003942649342761062 0.033420643927331406 
0.0049881711417212315 0.03756547700849896 
0.006155829702431115 0.0416969048166451 
0.007445336922613066 0.045812793645046965 
0.00885637463565564 0.04991088815700013 
0.010388594689117125 0.05398881093903543 
0.012041619030626283 0.05804406474571297 
0.013815039801161721 0.06207403741627769 
0.015708419435684462 0.06607600939076318 
0.01772129077110096 0.07004716370206417 
0.019853157161528467 0.07398459827204706 
0.02210349260083494 0.07788534029493989 
0.024471741852423234 0.08174636245091221 
0.02695732058622735 0.0855646006577296 
0.029559615522887273 0.08933697303934048 
0.03227798458506631 0.09306039976777375 
0.035111757055874326 0.09673182341924452 
0.03806023374435663 0.10034822947713588 
0.04112268715800943 0.10390666661370554 
0.044298361682277354 0.10740426638891458 
0.04758647376699027 0.11083826201853243 
0.050986212119692176 0.11420600588430943 
0.05449673790581605 0.11750498548607383 
0.05811718495565327 0.12073283756849353 
0.06184665997806821 0.12388736019327028 
0.0656842427809044 0.1269665225698597 
0.06962898649802818 0.129968472503557 
0.07367991782295391 0.1328915413680083 
0.07783603724899246 0.13573424655885905 
0.08209631931586486 0.1384952914353489 
0.08645971286271908 0.14117356280613544 
0.0909251412874883 0.14376812606349398 
0.09549150281252627 0.1462782181152993 
0.10015767075645471 0.1487032383059647 
0.10492249381215485 0.15104273755491995 
0.10978479633083515 0.15329640597356323 
0.11474337861210543 0.1554640592482464 
0.11979701719998453 0.15754562409729111 
0.1249444651847702 0.15954112312387117 
0.13018445251069516 0.16145065939364306 
0.13551568628929422 0.16327440106614347 
0.1409368511184056 0.1650125664022775 
0.14644660940672627 0.16666540945689123 
0.15204360170384285 0.16823320674579031 
0.1577264470356557 0.16971624515110523 
0.16349374324511334 0.1711148112981998 
0.1693440673381741 0.17242918260207396 
0.17527597583490823 0.17365962014217534 
0.18128800512565518 0.17480636348261824 
0.1873786718321474 0.17586962751085555 
0.19354647317351176 0.17684960132287414 
0.199789887337058 0.17774644913787188 
0.2061073738537635 0.17856031318116036 
0.21249737397836077 0.17929131843156293 
0.2189583110739347 0.17993957908980351 
0.22548859100093416 0.18050520658806335 
0.23208660251050173 0.18098831892879583 
0.23875071764202555 0.18138905111365997 
0.2454792921248144 0.18170756640159022 
0.2522706657837962 0.18194406811898645 
0.2591231629491424 0.1820988117350669 
0.26603509286971333 0.1821721169117158 
0.2730047501302266 0.18216437923972884 
0.28003041507204246 0.1820760813820653 
0.28711035421746367 0.1819078033593282 
0.2942428206974457 0.18166023173284743 
0.30142605468260975 0.18133416746594122 
0.3086582838174551 0.1809305322735969 
0.31593772365766104 0.18045037330427066 
0.3232625781103714 0.17989486603399532 
0.33063103987735437 0.17926531529170442 
0.3380412909009253 0.1785631543747758 
0.3454915028125263 0.17778994225439326 
0.3529798373838481 0.17694735891055963 
0.36050444698038536 0.17603719887558766 
0.3680634750173136 0.17506136310184947 
0.37565505641757263 0.17402184930369002 
0.38327731807204735 0.17292074095400708 
0.39092837930172875 0.17176019514245444 
0.39860635232174374 0.1705424295240077 
0.40630934270713776 0.16926970860331544 
0.4140354498602952 0.1679443296115567 
0.42178276747988463 0.16656860823823286 
0.4295493840312087 0.1651448644803916 
0.43733338321784787 0.16367540886625406 
0.4451328444544774 0.16216252929929886 
0.45294584334074284 0.16060847875281375 
0.4607704521360776 0.1590154640241851 
0.4686047402353434 0.15738563573324457 
0.47644677464517865 0.15572107972041951 
0.4842946204609359 0.15402380996890386 
0.4921463413440897 0.15229576314129115 
0.5000000000000001 0.1505387947858454 
0.5078536586559104 0.14875467723162986 
0.5157053795390641 0.14694509915582327 
0.5235532253548214 0.1451116667715481 
0.5313952597646567 0.1432559065511307 
0.5392295478639225 0.141379269368642 
0.5470541566592572 0.1394831359174641 
0.5548671555455226 0.13756882323407932 
0.5626666167821521 0.13563759213876872 
0.5704506159687913 0.13369065538784367 
0.5782172325201155 0.13172918632070543 
0.5859645501397048 0.1297543277786283 
0.5936906572928624 0.127767201070769 
0.6013936476782563 0.1257689147664831 
0.6090716206982713 0.12376057310144015 
0.6167226819279528 0.12174328379802289 
0.6243449435824274 0.11971816511772815 
0.6319365249826865 0.11768635198431984 
0.6394955530196147 0.11564900104080754 
0.647020162616152 0.11360729453034937 
0.6545084971874737 0.11156244292027578 
0.6619587090990747 0.10951568621892233 
0.6693689601226458 0.1074682939661522 
0.6767374218896286 0.10542156390963169 
0.684062276342339 0.10337681940940435 
0.6913417161825449 0.1013354056424142 
0.6985739453173904 0.09929868470572081 
0.7057571793025544 0.09726802974164991 
0.7128896457825363 0.09524481822951202 
0.7199695849279576 0.0932304246063575 
0.7269952498697734 0.09122621239316149 
0.7339649071302868 0.08923352601258315 
0.7408768370508577 0.0872536824898492 
0.7477293342162038 0.08528796322930401 
0.7545207078751857 0.08333760605578346 
0.7612492823579744 0.08140379770232621 
0.7679133974894985 0.0794876669140728 
0.7745114089990659 0.07759027832281938 
0.7810416889260654 0.07571262722798924 
0.7875026260216393 0.07385563539822729 
0.7938926261462365 0.07202014798392216 
0.8002101126629422 0.07020693160530256 
0.8064535268264883 0.06841667365393213 
0.8126213281678526 0.06664998281806304 
0.8187119948743449 0.06490739081504227 
0.8247240241650917 0.06318935528739686 
0.830655932661826 0.061496263793968366 
0.8365062567548867 0.0598284388040701 
0.8422735529643444 0.058186143581615016 
0.8479563982961571 0.05656958882796481 
0.8535533905932737 0.05497893993724773 
0.8590631488815945 0.053414324706401534 
0.8644843137107059 0.051875841334424244 
0.8698155474893049 0.05036356654139757 
0.8750555348152298 0.04887756363782228 
0.8802029828000155 0.047417890378621375 
0.8852566213878947 0.04598460644368924 
0.8902152036691648 0.044577780397869846 
0.8950775061878452 0.04319749599743398 
0.8998423292435453 0.04184385772712726 
0.9045084971874737 0.0405169954712398 
0.9090748587125118 0.039217068243432594 
0.913540287137281 0.037944266922716574 
0.9179036806841352 0.036698815966475694 
0.9221639627510075 0.03548097409519805 
0.9263200821770462 0.034291033967064136 
0.9303710135019718 0.033129320883200024 
0.9343157572190957 0.031996190585708184 
0.9381533400219317 0.0308920262300656 
0.9418828150443468 0.029817234630684954 
0.945503262094184 0.028772241893004827 
0.9490137878803079 0.027757488557090808 
0.9524135262330098 0.026773424386166218 
0.9557016383177226 0.025820502938582658 
0.9588773128419905 0.024899176063419584 
0.9619397662556435 0.024009888458170266 
0.9648882429441257 0.02315307242192072 
0.9677220154149337 0.022329142929222556 
0.9704403844771128 0.02153849313874751 
0.9730426794137726 0.0207814904370891 
0.9755282581475768 0.020058473102127883 
0.9778965073991651 0.01936974765260711 
0.9801468428384715 0.018715586931442964 
0.982278709228899 0.018096228950302384 
0.9842915805643155 0.01751187650262625 
0.9861849601988384 0.016962697532065224 
0.9879583809693737 0.01644882622373226 
0.9896114053108829 0.015970364767237472 
0.9911436253643444 0.01552738572361181 
0.9925546630773869 0.01511993491334767 
0.9938441702975689 0.014748034730246376 
0.9950118288582788 0.014411687775860448 
0.996057350657239 0.014110880702274408 
0.9969804777275899 0.013845588146947113 
0.99778098230154 0.013615776642410982 
0.998458666866564 0.013421408385800077 
0.9990133642141358 0.01326244475837873 
0.9994449374809851 0.013138849493318061 
0.9997532801828658 0.013050591400699583 
0.9999383162408303 0.01299764657182086 
1.0 0.01298 
