1.0 -0.00037 
0.9999383162408303 -0.00036460529399700827 
0.9997532801828658 -0.00034840429813196797 
0.9994449374809851 -0.0003213472962149954 
0.9990133642141358 -0.00028335446571707204 
0.998458666866564 -0.00023432036440239305 
0.99778098230154 -0.00017412007309726388 
0.9969804777275899 -0.00010261685973393778 
0.996057350657239 -1.967119640391838e-05 
0.9950118288582788 7.48490685591076e-05 
0.9938441702975689 0.00018105760682566717 
0.9925546630773869 0.0002990378184961217 
0.9911436253643444 0.00042883061171654596 
0.9896114053108829 0.0005704220220051355 
0.9879583809693737 0.00072373094346783 
0.9861849601988384 0.0008885972418259425 
0.9842915805643155 0.0010647705110710427 
0.982278709228899 0.0012518997218021956 
0.9801468428384715 0.0014495239902086112 
0.9778965073991651 0.0016570646726777661 
0.9755282581475768 0.0018738189626864817 
0.9730426794137726 0.002098955134614838 
0.9704403844771128 0.0023315095441398333 
0.9677220154149337 0.0025703854577102062 
0.9648882429441257 0.0028143537451173948 
0.9619397662556435 0.003062055430230414 
0.9588773128419905 0.0033120060564331487 
0.9557016383177226 0.003562601786058551 
0.9524135262330098 0.003812127117995517 
0.9490137878803079 0.0040587640754353085 
0.945503262094184 0.004300602687150188 
0.9418828150443468 0.004535652561391863 
0.9381533400219317 0.004761855332002259 
0.9343157572190957 0.004977097742072095 
0.9303710135019718 0.005179225121773068 
0.9263200821770462 0.005366055014006999 
0.9221639627510075 0.005535390704311411 
0.9179036806841352 0.00568503441994998 
0.913540287137281 0.0058127999770851285 
0.9090748587125118 0.005916524674035507 
0.9045084971874737 0.005994080252403536 
0.8998423292435453 0.00604338277574668 
0.8950775061878452 0.006062401306795252 
0.8902152036691648 0.006049165298240804 
0.8852566213878947 0.006001770648021048 
0.8802029828000155 0.005918384406950121 
0.8750555348152298 0.005797248163601929 
0.8698155474893049 0.005636680167655885 
0.8644843137107059 0.005435076287579952 
0.8590631488815945 0.005190909930708952 
0.8535533905932737 0.004902731082684297 
0.8479563982961571 0.004569164648131896 
0.8422735529643444 0.004188908294734889 
0.8365062567548867 0.003760730017975262 
0.830655932661826 0.003283465653357848 
0.8247240241650917 0.00275601656660143 
0.8187119948743449 0.002177347749928495 
0.8126213281678526 0.0015464865441856468 
0.8064535268264883 0.0008625221922042155 
0.8002101126629422 0.00012460640881616444 
0.7938926261462365 -0.0006680448723316169 
0.7875026260216393 -0.0015161484450606174 
0.7810416889260654 -0.002420349374115917 
0.7745114089990659 -0.0033812150774514466 
0.7679133974894985 -0.004399227929184381 
0.7612492823579744 -0.005474776406945707 
0.7545207078751857 -0.006608144850018197 
0.7477293342162038 -0.00779950193713358 
0.7408768370508577 -0.009048888034119374 
0.7339649071302868 -0.010356201600793478 
0.7269952498697734 -0.011721184882669258 
0.7199695849279576 -0.013143409145289971 
0.7128896457825363 -0.014622259736563042 
0.7057571793025544 -0.01615692128460382 
0.6985739453173904 -0.017746363354735714 
0.6913417161825449 -0.01938932689894642 
0.684062276342339 -0.021084311833934076 
0.6767374218896286 -0.022829566079686617 
0.6693689601226458 -0.02462307637927329 
0.6619587090990747 -0.026462561202281906 
0.6545084971874737 -0.02834546600935615 
0.647020162616152 -0.030268961123961196 
0.6394955530196147 -0.03222994242035895 
0.6319365249826865 -0.03422503499446146 
0.6243449435824274 -0.03625059993751942 
0.6167226819279528 -0.03830274428235834 
0.6090716206982713 -0.04037733413904872 
0.6013936476782563 -0.04247001098249726 
0.5936906572928624 -0.04457621099953077 
0.5859645501397048 -0.04669118734867921 
0.5782172325201155 -0.048810035133130425 
0.5704506159687913 -0.05092771883726396 
0.5626666167821521 -0.05303910193078425 
0.5548671555455226 -0.055138978302694715 
0.5470541566592572 -0.05722210515103566 
0.5392295478639225 -0.05928323692419479 
0.5313952597646567 -0.06131715988631545 
0.5235532253548214 -0.06331872686336994 
0.5157053795390641 -0.0652828917181816 
0.5078536586559104 -0.06720474310227376 
0.5000000000000001 -0.06907953703994116 
0.4921463413440897 -0.0709027279152683 
0.4842946204609359 -0.07266999745570188 
0.47644677464517865 -0.07437728133580626 
0.4686047402353434 -0.07602079306143623 
0.4607704521360776 -0.07759704483708645 
0.45294584334074284 -0.07910286516680043 
0.4451328444544774 -0.08053541299088186 
0.43733338321784787 -0.08189218821574462 
0.4295493840312087 -0.08317103855155024 
0.42178276747988463 -0.0843701626307293 
0.4140354498602952 -0.08548810943897447 
0.40630934270713776 -0.08652377414774265 
0.39860635232174374 -0.08747639049264787 
0.39092837930172875 -0.08834551989434564 
0.38327731807204735 -0.0891310375666679 
0.37565505641757263 -0.08983311589998709 
0.3680634750173136 -0.09045220544532405 
0.36050444698038536 -0.09098901385591768 
0.3529798373838481 -0.09144448316733714 
0.3454915028125263 -0.0918197658143626 
0.3380412909009253 -0.09211619979256416 
0.33063103987735437 -0.09233528337469343 
0.3232625781103714 -0.0924786497867305 
0.31593772365766104 -0.09254804223592417 
0.3086582838174551 -0.09254528966378242 
0.30142605468260975 -0.0924722835711898 
0.2942428206974457 -0.09233095623127278 
0.28711035421746367 -0.09212326056900523 
0.28003041507204246 -0.09185115194565315 
0.2730047501302266 -0.09151657204188224 
0.26603509286971333 -0.0911214349866187 
0.2591231629491424 -0.09066761583053884 
0.2522706657837962 -0.09015694141433783 
0.2454792921248144 -0.08959118363367287 
0.23875071764202555 -0.08897205505583877 
0.23208660251050173 -0.08830120679871338 
0.22548859100093416 -0.08758022854114121 
0.2189583110739347 -0.08681065049648254 
0.21249737397836077 -0.08599394714817535 
0.2061073738537635 -0.08513154251842117 
0.199789887337058 -0.08422481671894237 
0.19354647317351176 -0.08327511351647332 
0.1873786718321474 -0.08228374863544259 
0.18128800512565518 -0.08125201851622128 
0.17527597583490823 -0.080181209249276 
0.1693440673381741 -0.0790726054133888 
0.16349374324511334 -0.07792749855944575 
0.1577264470356557 -0.07674719509974678 
0.15204360170384285 -0.07553302338579561 
0.14644660940672627 -0.07428633978450025 
0.1409368511184056 -0.07300853359294038 
0.13551568628929422 -0.07170103066462075 
0.13018445251069516 -0.07036529565462821 
0.1249444651847702 -0.06900283282656684 
0.11979701719998453 -0.06761518539974232 
0.11474337861210543 -0.06620393345003495 
0.10978479633083515 -0.06477069041147585 
0.10492249381215485 -0.06331709825702833 
0.10015767075645471 -0.061844821465837065 
0.09549150281252627 -0.060355539909669624 
0.0909251412874883 -0.05885094081297979 
0.08645971286271908 -0.057332709958569206 
0.08209631931586486 -0.05580252232396207 
0.07783603724899246 -0.054262032342144335 
0.07367991782295391 -0.05271286398421624 
0.06962898649802818 -0.05115660086079464 
0.0656842427809044 -0.0495947765338479 
0.06184665997806821 -0.04802886522129173 
0.05811718495565327 -0.046460273063471016 
0.05449673790581605 -0.04489033010401508 
0.050986212119692176 -0.04332028311799102 
0.04758647376699027 -0.041751289398322 
0.044298361682277354 -0.04018441158770029 
0.04112268715800943 -0.038620613618312774 
0.03806023374435663 -0.03706075779624845 
0.035111757055874326 -0.0355056030421109 
0.03227798458506631 -0.03395580427471207 
0.029559615522887273 -0.03241191290137006 
0.02695732058622735 -0.030874378356799057 
0.024471741852423234 -0.02934355061334545 
0.02210349260083494 -0.027819683568791678 
0.019853157161528467 -0.026302939204457573 
0.01772129077110096 -0.024793392396113383 
0.015708419435684462 -0.02329103625344782 
0.013815039801161721 -0.02179578786056399 
0.012041619030626283 -0.020307494290189323 
0.010388594689117125 -0.01882593876786265 
0.00885637463565564 -0.017350846869105412 
0.007445336922613066 -0.01588189264221825 
0.006155829702431115 -0.01441870456151324 
0.0049881711417212315 -0.012960871230099246 
0.003942649342761062 -0.011507946767307627 
0.0030195222724101467 -0.010059455833002304 
0.002219017698460002 -0.008614898258820211 
0.001541333133436018 -0.0071737532743283245 
0.0009866357858642205 -0.005735483333616777 
0.0005550625190149927 -0.004299537564478231 
0.0002467198171342 -0.0028653548775690084 
6.168375916970614e-05 -0.0014323667863711952 
0.0 0.0 
6.168375916970614e-05 0.0017221563656212137 
0.0002467198171342 0.0034473984782876946 
0.0005550625190149927 0.0051786511123609385 
0.0009866357858642205 0.006918749811141535 
0.001541333133436018 0.008670398157923347 
0.002219017698460002 0.010436127253134498 
0.0030195222724101467 0.012218258066086393 
0.003942649342761062 0.014018867274327218 
0.0049881711417212315 0.015839757136351107 
0.006155829702431115 0.017682429865827853 
0.007445336922613066 0.019548066889173734 
0.00885637463565564 0.021437513274937512 
0.010388594689117125 0.023351267525042744 
0.012041619030626283 0.02528947681638616 
0.013815039801161721 0.0272519376787279 
0.015708419435684462 0.02923810199326978 
0.01772129077110096 0.031247088097872588 
0.019853157161528467 0.03327769669146657 
0.02210349260083494 0.035328431143740124 
0.024471741852423234 0.037397521738352694 
0.02695732058622735 0.039482953310240036 
0.029559615522887273 0.04158249568137514 
0.03227798458506631 0.04369373625567667 
0.035111757055874326 0.04581411410343013 
0.03806023374435663 0.04794095484911384 
0.04112268715800943 0.05007150567414599 
0.044298361682277354 0.05220296975771301 
0.04758647376699027 0.054332539504159366 
0.050986212119692176 0.056457427943767374 
0.05449673790581605 0.05857489774423482 
0.05811718495565327 0.060682287331599936 
0.06184665997806821 0.06277703369041028 
0.0656842427809044 0.06485669149199635 
0.06962898649802818 0.06691894828507304 
0.07367991782295391 0.06896163557271122 
0.07783603724899246 0.0709827356920493 
0.08209631931586486 0.07298038450600426 
0.08645971286271908 0.07495287000770391 
0.0909251412874883 0.07689862702649201 
0.09549150281252627 0.07881622830729718 
0.10015767075645471 0.08070437231120955 
0.10492249381215485 0.08256186815269191 
0.10978479633083515 0.08438761814662465 
0.11474337861210543 0.08618059848517087 
0.11979701719998453 0.08793983859936799 
0.1249444651847702 0.08966439978273352 
0.13018445251069516 0.09135335366366601 
0.13551568628929422 0.09300576110990807 
0.1409368511184056 0.09462065213201906 
0.14644660940672627 0.09619700732412678 
0.15204360170384285 0.09773374133990932 
0.1577264470356557 0.09922968885076934 
0.16349374324511334 0.10068359337268298 
0.1693440673381741 0.10209409927962505 
0.17527597583490823 0.10345974724632463 
0.18128800512565518 0.10477897328308937 
0.1873786718321474 0.1060501114423014 
0.19354647317351176 0.10727140019178322 
0.199789887337058 0.10844099236637654 
0.2061073738537635 0.10955696852761657 
0.21249737397836077 0.11061735348404396 
0.2189583110739347 0.11162013565315808 
0.22548859100093416 0.11256328888177446 
0.23208660251050173 0.1134447962859686 
0.23875071764202555 0.1142626756260205 
0.2454792921248144 0.11501500569674378 
0.2522706657837962 0.11569995318999958 
0.2591231629491424 0.11631579947449344 
0.26603509286971333 0.11686096673830892 
0.2730047501302266 0.11733404295198623 
0.28003041507204246 0.11773380513394681 
0.28711035421746367 0.1180592404351169 
0.2942428206974457 0.11830956460489218 
0.30142605468260975 0.11848423745506648 
0.3086582838174551 0.11858297500078295 
0.31593772365766104 0.11860575802657054 
0.3232625781103714 0.11855283689955644 
0.33063103987735437 0.11842473252937988 
0.3380412909009253 0.11822223345347191 
0.3454915028125263 0.1179463891054981 
0.3529798373838481 0.11759849940218177 
0.36050444698038536 0.11718010085776784 
0.3680634750173136 0.1166929495044942 
0.37565505641757263 0.11613900096014672 
0.38327731807204735 0.11552038803877898 
0.39092837930172875 0.11483939634686222 
0.39860635232174374 0.11409843834355965 
0.40630934270713776 0.11330002636978273 
0.4140354498602952 0.11244674516571986 
0.42178276747988463 0.1115412244003859 
0.4295493840312087 0.1105861117294464 
0.43733338321784787 0.10958404687936332 
0.4451328444544774 0.10853763722729992 
0.45294584334074284 0.10744943530790604 
0.4607704521360776 0.10632191863101079 
0.4686047402353434 0.10515747213948273 
0.47644677464517865 0.10395837357533275 
0.4842946204609359 0.10272678195593295 
0.4921463413440897 0.10146472929249402 
0.5000000000000001 0.10017411561123005 
0.5078536586559104 0.09885670726555462 
0.5157053795390641 0.0975141384567359 
0.5235532253548214 0.09614791581227672 
0.5313952597646567 0.09475942580730698 
0.5392295478639225 0.09334994475586732 
0.5470541566592572 0.09192065104733965 
0.5548671555455226 0.09047263925951082 
0.5626666167821521 0.08900693574472676 
0.5704506159687913 0.08752451525998484 
0.5782172325201155 0.08602631819608968 
0.5859645501397048 0.084513267955411 
0.5936906572928624 0.0829862880323414 
0.6013936476782563 0.08144631836505661 
0.6090716206982713 0.0798943305511965 
0.6167226819279528 0.07833134155298256 
0.6243449435824274 0.07675842555823352 
0.6319365249826865 0.0751767237117399 
0.6394955530196147 0.07358745148536007 
0.647020162616152 0.0719919035137343 
0.6545084971874737 0.07039145578431896 
0.6619587090990747 0.0687875651340937 
0.6693689601226458 0.06718176606934124 
0.6767374218896286 0.06557566498788919 
0.684062276342339 0.06397093194372812 
0.6913417161825449 0.06236929015063242 
0.6985739453173904 0.06077250347306411 
0.7057571793025544 0.05918236219811102 
0.7128896457825363 0.05760066742053019 
0.7199695849279576 0.0560292144033243 
0.7269952498697734 0.05446977529806344 
0.7339649071302868 0.0529240816219533 
0.7408768370508577 0.051393806892236035 
0.7477293342162038 0.04988054981288785 
0.7545207078751857 0.048385818393960035 
0.7612492823579744 0.04691101536070188 
0.7679133974894985 0.045457425178412156 
0.7745114089990659 0.04402620298056672 
0.7810416889260654 0.04261836564309647 
0.7875026260216393 0.0412347851978227 
0.7938926261462365 0.03987618472416327 
0.8002101126629422 0.03854313680158192 
0.8064535268264883 0.0372360645471696 
0.8126213281678526 0.03595524520456424 
0.8187119948743449 0.034700816193469604 
0.8247240241650917 0.03347278347460854 
0.830655932661826 0.03227103203427596 
0.8365062567548867 0.031095338246868096 
0.8422735529643444 0.029945383833866267 
0.8479563982961571 0.02882077110462032 
0.8535533905932737 0.027721039138605272 
0.8590631488815945 0.026645680551156233 
0.8644843137107059 0.025594158475354237 
0.8698155474893049 0.0245659233918947 
0.8750555348152298 0.023560429446369876 
0.8802029828000155 0.022577149909196004 
0.8852566213878947 0.02161559145698715 
0.8902152036691648 0.020675306984915133 
0.8950775061878452 0.01975590669673342 
0.8998423292435453 0.01885706726177443 
0.9045084971874737 0.017978538875322744 
0.9090748587125118 0.017120150109200538 
0.913540287137281 0.016281810491976568 
0.9179036806841352 0.015463510811691252 
0.9221639627510075 0.014665321187129599 
0.9263200821770462 0.01388738700523349 
0.9303710135019718 0.013129922871040069 
0.9343157572190957 0.012393204761441944 
0.9381533400219317 0.011677560614072314 
0.9418828150443468 0.010983359616818135 
0.945503262094184 0.010311000491104684 
0.9490137878803079 0.009660899082566895 
0.9524135262330098 0.009033475585602658 
0.9557016383177226 0.008429141733333808 
0.9588773128419905 0.007848288281620675 
0.9619397662556435 0.007291273105102821 
0.9648882429441257 0.006758410205074695 
0.9677220154149337 0.006249959903825066 
0.9704403844771128 0.005766120468514322 
0.9730426794137726 0.005307021370512635 
0.9755282581475768 0.00487271834429527 
0.9778965073991651 0.004463190364499417 
0.9801468428384715 0.004078338611694932 
0.982278709228899 0.0037179874479631894 
0.9842915805643155 0.0033818873736975543 
0.9861849601988384 0.0030697198883205034 
0.9879583809693737 0.002781104131014139 
0.9896114053108829 0.0025156051341836804 
0.9911436253643444 0.0022727434832430816 
0.9925546630773869 0.0020520061423436532 
0.9938441702975689 0.0018528581776569566 
0.9950118288582788 0.0016747550884219722 
0.996057350657239 0.0015171554416627225 
0.9969804777275899 0.0013795334996027577 
0.99778098230154 0.0012613915294869952 
0.998458666866564 0.001162271493738997 
0.9990133642141358 0.001081765833915436 
0.9994449374809851 0.0010195270843834203 
0.9997532801828658 0.0009752760804895142 
0.9999383162408303 0.0009488085605062888 
1.0 0.00094 
