1.0 -0.01163
0.9916799999999999 -0.00939
0.9833200000000001 -0.00734
0.9748899999999999 -0.0055899999999999995
0.96639 -0.00415
0.9578399999999999 -0.00302
0.94925 -0.00216
0.94063 -0.0015199999999999999
0.93199 -0.00107
0.9233399999999999 -0.00081
0.9146799999999999 -0.00073
0.90601 -0.00084
0.89733 -0.00114
0.88866 -0.00161
0.88003 -0.00227
0.87141 -0.0031
0.8628 -0.0041
0.8542200000000001 -0.00526
0.8456600000000001 -0.00658
0.8371200000000001 -0.00805
0.8286100000000001 -0.00965
0.8201200000000001 -0.01138
0.81165 -0.01325
0.8032100000000001 -0.01523
0.7948 -0.01733
0.78641 -0.019540000000000002
0.77805 -0.02187
0.76973 -0.02431
0.76143 -0.02685
0.75315 -0.02949
0.7449100000000001 -0.03221
0.73669 -0.035019999999999996
0.72849 -0.0379
0.72031 -0.04085
0.71216 -0.04386
0.70402 -0.04693
0.6959 -0.05005
0.6878 -0.05322999999999999
0.67971 -0.05644
0.6716300000000001 -0.05968
0.66356 -0.06295
0.65549 -0.06624
0.6474300000000001 -0.06955
0.63937 -0.07286000000000001
0.63131 -0.07618
0.62324 -0.0795
0.61517 -0.08281000000000001
0.6071 -0.08611
0.59905 -0.08939
0.591 -0.09265
0.5829300000000001 -0.09589
0.57484 -0.09909
0.56675 -0.10226
0.5586300000000001 -0.1054
0.5505 -0.10849
0.54235 -0.11152999999999999
0.53418 -0.11452000000000001
0.52599 -0.11746
0.51777 -0.12034
0.50954 -0.12315999999999999
0.5012800000000001 -0.12592
0.493 -0.12861
0.48468999999999995 -0.13122999999999999
0.47636000000000006 -0.13377999999999998
0.46801000000000004 -0.13625
0.45963000000000004 -0.13864
0.45123 -0.14094
0.44281000000000004 -0.14315999999999998
0.43435 -0.14527
0.42588000000000004 -0.14729
0.41738000000000003 -0.14920999999999998
0.40885 -0.15103
0.40031 -0.15274000000000001
0.39174000000000003 -0.15435
0.38315 -0.15585
0.37455 -0.15723
0.36591999999999997 -0.15850999999999998
0.35728000000000004 -0.15967
0.34863 -0.16071
0.33996 -0.16164
0.33128 -0.16244
0.32259 -0.16312000000000001
0.31389 -0.16368
0.30519 -0.1641
0.29648 -0.1644
0.28776 -0.16455999999999998
0.27905 -0.16458
0.27033 -0.16447
0.26161999999999996 -0.16421
0.25292 -0.16380999999999998
0.24423000000000003 -0.16325
0.23554 -0.16255
0.22687 -0.16169
0.21821999999999997 -0.16068
0.2096 -0.1595
0.20099 -0.15816
0.19242 -0.15666
0.18388 -0.15498
0.17537 -0.15313
0.16691 -0.15111
0.15849000000000002 -0.14889000000000002
0.15012999999999999 -0.14648
0.14184000000000002 -0.14388
0.13360999999999998 -0.14107
0.12545 -0.13805
0.11738 -0.13483
0.1094 -0.13138
0.10153 -0.12771
0.09378 -0.1238
0.08616 -0.11964000000000001
0.07869 -0.11522
0.07139 -0.11054000000000001
0.06427999999999999 -0.10559
0.057370000000000004 -0.10036
0.05068 -0.09487000000000001
0.044239999999999995 -0.0891
0.03808 -0.08304
0.03223 -0.07669
0.026739999999999996 -0.07003999999999999
0.02165 -0.0631
0.01696 -0.055889999999999995
0.01269 -0.0484
0.00892 -0.04061
0.00581 -0.03254
0.00344 -0.02443
0.0017399999999999998 -0.016130000000000002
0.00047999999999999996 -0.00761
0.0 0.00098
0.0005200000000000001 0.00955
0.0017699999999999999 0.01806
0.0034 0.02648
0.00551 0.034730000000000004
0.0083 0.042769999999999996
0.01178 0.05056
0.01577 0.0581
0.02018 0.06539
0.024980000000000002 0.07242
0.03015 0.07919
0.03567 0.08567999999999999
0.041510000000000005 0.09189
0.04763 0.09783
0.054020000000000006 0.10347999999999999
0.06064 0.10885999999999998
0.06748 0.11395
0.07453 0.11877
0.08176 0.12330999999999999
0.08915 0.12757000000000002
0.09669 0.13157
0.10436 0.13530999999999999
0.11215 0.1388
0.12004000000000001 0.14203
0.12803 0.14502
0.1361 0.14779
0.14423 0.15033
0.15242999999999998 0.15266
0.16068 0.15478
0.16898 0.15667999999999999
0.17733 0.15839
0.1857 0.15991
0.1941 0.16125
0.20253 0.1624
0.21097 0.1634
0.21943000000000001 0.16423
0.2279 0.16491
0.23638 0.16546
0.24486 0.16587000000000002
0.25334 0.16615
0.26182 0.16632
0.2703 0.16635999999999998
0.27878000000000003 0.1663
0.28725 0.16613
0.29572 0.16585999999999998
0.30418 0.16549
0.31264000000000003 0.16504000000000002
0.32109 0.16451
0.32953000000000005 0.16389
0.33796 0.16319
0.34638 0.16242
0.35479 0.16158
0.3632 0.16067
0.37159000000000003 0.15969
0.37998000000000004 0.15865
0.38835 0.15755
0.39671999999999996 0.15639
0.40507 0.15517999999999998
0.41341999999999995 0.15392
0.42176 0.1526
0.43008 0.15124
0.4384 0.14984
0.44671000000000005 0.14837999999999998
0.45501 0.14689000000000002
0.4633 0.14536
0.47158999999999995 0.14378
0.47986 0.14218
0.48813 0.14053
0.49641 0.13885999999999998
0.50471 0.13715
0.5130100000000001 0.13542
0.5213 0.13365
0.52959 0.13187000000000001
0.53787 0.13005
0.54614 0.12822
0.5544100000000001 0.12636
0.5626800000000001 0.12449
0.57094 0.12259
0.5792 0.12067
0.58745 0.11874000000000001
0.5957 0.11678
0.60395 0.11481
0.61219 0.11283
0.62044 0.11083
0.62867 0.10880999999999999
0.6369100000000001 0.10678
0.6451399999999999 0.10474000000000001
0.6533800000000001 0.10268
0.66161 0.10062
0.66983 0.09852999999999999
0.67806 0.09644
0.68629 0.09434
0.6945100000000001 0.09222999999999999
0.70273 0.09011
0.71096 0.08797999999999999
0.71918 0.08584
0.7274 0.08369
0.7356199999999999 0.08152999999999999
0.74385 0.07937000000000001
0.75207 0.0772
0.7602899999999999 0.07503
0.76852 0.07285
0.77674 0.07067000000000001
0.78497 0.06849
0.7932 0.0663
0.80143 0.06412000000000001
0.80966 0.06192999999999999
0.81789 0.05973
0.8261299999999999 0.05754
0.8343700000000001 0.05535
0.8426100000000001 0.05315
0.8508600000000001 0.05097
0.85911 0.048780000000000004
0.86736 0.0466
0.8756200000000001 0.044430000000000004
0.8838799999999999 0.04226
0.89215 0.04009
0.9004200000000001 0.03793
0.90869 0.03578
0.9169700000000001 0.033639999999999996
0.9252600000000001 0.03151
0.9335600000000001 0.0294
0.94186 0.0273
0.95016 0.0252
0.95847 0.0231
0.96678 0.021
0.97509 0.01888
0.98339 0.01675
0.9917 0.0146
1.0 0.01245
