1.0 -0.007032919183152885 
0.9999383162408303 -0.007026119018134375 
0.9997532801828658 -0.007005688940281751 
0.9994449374809851 -0.006971541637396471 
0.9990133642141358 -0.006923536347550419 
0.998458666866564 -0.006861485896099404 
0.99778098230154 -0.0067851663484024645 
0.9969804777275899 -0.006694329083961503 
0.996057350657239 -0.006588715048947537 
0.9950118288582788 -0.006468070900208541 
0.9938441702975689 -0.006332166715727185 
0.9925546630773869 -0.006180814914866313 
0.9911436253643444 -0.006013890007218915 
0.9896114053108829 -0.0058313487719311875 
0.9879583809693737 -0.0056332504603012895 
0.9861849601988384 -0.005419776613411482 
0.9842915805643155 -0.005191250093507321 
0.982278709228899 -0.004948152942601123 
0.9801468428384715 -0.004691142703999488 
0.9778965073991651 -0.004421066871633366 
0.9755282581475768 -0.00413897516755714 
0.9730426794137726 -0.0038461293890115172 
0.9704403844771128 -0.003544010612130033 
0.9677220154149337 -0.003234323588739947 
0.9648882429441257 -0.002918998224723317 
0.9619397662556435 -0.002600188081974949 
0.9588773128419905 -0.0022802659000097925 
0.9557016383177226 -0.0019618161866242568 
0.9524135262330098 -0.0016476249786150764 
0.9490137878803079 -0.0013406669223735377 
0.945503262094184 -0.001044089869229204 
0.9418828150443468 -0.0007611972208428457 
0.9381533400219317 -0.0004954282949726071 
0.9343157572190957 -0.0002503370109175748 
0.9303710135019718 -2.9569216372308214e-05 
0.9263200821770462 0.0001631610070530233 
0.9221639627510075 0.000324095713985559 
0.9179036806841352 0.0004494577942067129 
0.913540287137281 0.0005354756592274128 
0.9090748587125118 0.0005784075880044294 
0.9045084971874737 0.0005745654222460619 
0.8998423292435453 0.0005203373265505731 
0.8950775061878452 0.0004122093585778863 
0.8902152036691648 0.00024678562879822466 
0.8852566213878947 2.080686722744085e-05 
0.8802029828000155 -0.0002688327449848248 
0.8750555348152298 -0.0006250705791790408 
0.8698155474893049 -0.0010506624554092441 
0.8644843137107059 -0.001548171446369948 
0.8590631488815945 -0.002119958563224819 
0.8535533905932737 -0.002768175258944614 
0.8479563982961571 -0.0034947576493604246 
0.8422735529643444 -0.004301422320713653 
0.8365062567548867 -0.0051896635657228485 
0.830655932661826 -0.006160751868658104 
0.8247240241650917 -0.007215733444054894 
0.8187119948743449 -0.008355430623807437 
0.8126213281678526 -0.009580442883614832 
0.8064535268264883 -0.010891148302106971 
0.8002101126629422 -0.012287705254317726 
0.7938926261462365 -0.013770054155201104 
0.7875026260216393 -0.01533791908818205 
0.7810416889260654 -0.01699080917774466 
0.7745114089990659 -0.018728019593111902 
0.7679133974894985 -0.020548632101410697 
0.7612492823579744 -0.022451515122487338 
0.7545207078751857 -0.02443532327284189 
0.7477293342162038 -0.02649849642204674 
0.7408768370508577 -0.02863925832053264 
0.7339649071302868 -0.030855614891826307 
0.7269952498697734 -0.03314535231426907 
0.7199695849279576 -0.035506035046069084 
0.7128896457825363 -0.03793500397243482 
0.7057571793025544 -0.040429374873788004 
0.6985739453173904 -0.04298603742906088 
0.6913417161825449 -0.04560165497735425 
0.684062276342339 -0.04827266526442473 
0.6767374218896286 -0.050995282397371756 
0.6693689601226458 -0.05376550022145162 
0.6619587090990747 -0.05657909731724622 
0.6545084971874737 -0.059431643794704926 
0.647020162616152 -0.06231851003324503 
0.6394955530196147 -0.06523487748466322 
0.6319365249826865 -0.0681757516187342 
0.6243449435824274 -0.07113597705081448 
0.6167226819279528 -0.07411025484739048 
0.6090716206982713 -0.07709316196025168 
0.6013936476782563 -0.08007917269382307 
0.5936906572928624 -0.08306268206419358 
0.5859645501397048 -0.08603803086355948 
0.5782172325201155 -0.08899953220121026 
0.5704506159687913 -0.09194149925280157 
0.5626666167821521 -0.09485827391443387 
0.5548671555455226 -0.09774425602784703 
0.5470541566592572 -0.10059393281860857 
0.5392295478639225 -0.10340190817117252 
0.5313952597646567 -0.10616293135362521 
0.5235532253548214 -0.10887192480119443 
0.5157053795390641 -0.11152401057139336 
0.5078536586559104 -0.11411453509506814 
0.5000000000000001 -0.11663909186651168 
0.4921463413440897 -0.11909354174194227 
0.4842946204609359 -0.12147403054859958 
0.47644677464517865 -0.12377700374592844 
0.4686047402353434 -0.12599921792507954 
0.4607704521360776 -0.1281377489824633 
0.45294584334074284 -0.13018999685637014 
0.4451328444544774 -0.13215368677174663 
0.43733338321784787 -0.1340268669959671 
0.4295493840312087 -0.13580790316675334 
0.42178276747988463 -0.13749546931112067 
0.4140354498602952 -0.1390885357302143 
0.40630934270713776 -0.14058635397803038 
0.39860635232174374 -0.1419884392112351 
0.39092837930172875 -0.14329455023158819 
0.38327731807204735 -0.14450466758098376 
0.37565505641757263 -0.14561897008102168 
0.3680634750173136 -0.1466378102336967 
0.36050444698038536 -0.14756168891671695 
0.3529798373838481 -0.14839122981580147 
0.3454915028125263 -0.14912715403685808 
0.3380412909009253 -0.14977025533319951 
0.33063103987735437 -0.1503213763670687 
0.3232625781103714 -0.1507813864010113 
0.31593772365766104 -0.15115116078354499 
0.3086582838174551 -0.15143156255574527 
0.30142605468260975 -0.15162342646154187 
0.2942428206974457 -0.15172754559559395 
0.28711035421746367 -0.1517446608695477 
0.28003041507204246 -0.15167545342133876 
0.2730047501302266 -0.15152054003410595 
0.26603509286971333 -0.15128047157237723 
0.2591231629491424 -0.1509557343846468 
0.2522706657837962 -0.15054675456442398 
0.2454792921248144 -0.1500539049074254 
0.23875071764202555 -0.14947751435185677 
0.23208660251050173 -0.1488178796426599 
0.22548859100093416 -0.1480752789200563 
0.2189583110739347 -0.14724998689847904 
0.21249737397836077 -0.14634229127463722 
0.2061073738537635 -0.14535250998351243 
0.199789887337058 -0.1442810089088522 
0.19354647317351176 -0.14312821965036532 
0.1873786718321474 -0.14189465695334372 
0.18128800512565518 -0.1405809354176797 
0.17527597583490823 -0.13918778512188026 
0.1693440673381741 -0.1377160658232755 
0.16349374324511334 -0.13616677942752317 
0.1577264470356557 -0.13454108045805901 
0.15204360170384285 -0.13284028429844305 
0.14644660940672627 -0.13106587302673878 
0.1409368511184056 -0.1292194987100966 
0.13551568628929422 -0.12730298407861074 
0.13018445251069516 -0.1253183205491669 
0.1249444651847702 -0.12326766362138715 
0.11979701719998453 -0.12115332571782814 
0.11474337861210543 -0.11897776658832972 
0.10978479633083515 -0.11674358144289337 
0.10492249381215485 -0.11445348701785148 
0.10015767075645471 -0.11211030581562277 
0.09549150281252627 -0.10971694878838525 
0.0909251412874883 -0.10727639676005135 
0.08645971286271908 -0.10479168089860064 
0.08209631931586486 -0.10226586256191453 
0.07783603724899246 -0.09970201284464693 
0.07367991782295391 -0.09710319215145052 
0.06962898649802818 -0.09447243011322694 
0.0656842427809044 -0.09181270614835116 
0.06184665997806821 -0.08912693095047003 
0.05811718495565327 -0.08641792915909191 
0.05449673790581605 -0.08368842343941951 
0.050986212119692176 -0.08094102016451704 
0.04758647376699027 -0.07817819685673251 
0.044298361682277354 -0.07540229150721595 
0.04112268715800943 -0.07261549385324723 
0.03806023374435663 -0.06981983865381684 
0.035111757055874326 -0.06701720096537356 
0.03227798458506631 -0.06420929338268538 
0.029559615522887273 -0.06139766517515548 
0.02695732058622735 -0.05858370321739836 
0.024471741852423234 -0.05576863458503834 
0.02210349260083494 -0.05295353066306292 
0.019853157161528467 -0.050139312595069006 
0.01772129077110096 -0.04732675788765767 
0.015708419435684462 -0.04451650797524842 
0.013815039801161721 -0.04170907654672048 
0.012041619030626283 -0.03890485843647521 
0.010388594689117125 -0.036104138888537037 
0.00885637463565564 -0.033307103012846846 
0.007445336922613066 -0.030513845267535016 
0.006155829702431115 -0.02772437881914833 
0.0049881711417212315 -0.024938644653974117 
0.003942649342761062 -0.02215652033705483 
0.0030195222724101467 -0.019377828340543003 
0.002219017698460002 -0.016602343888925713 
0.001541333133436018 -0.01382980229464028 
0.0009866357858642205 -0.011059905782928267 
0.0005550625190149927 -0.008292329828741703 
0.0002467198171342 -0.005526729050442715 
6.168375916970614e-05 -0.002762742724314332 
0.0 0.0 
6.168375916970614e-05 0.002975256397385314 
0.0002467198171342 0.005951002178172511 
0.0005550625190149927 0.008926803391503417 
0.0009866357858642205 0.011902224352578419 
0.001541333133436018 0.01487682653654094 
0.002219017698460002 0.017850167062076254 
0.0030195222724101467 0.020821796649729583 
0.003942649342761062 0.023791256957886905 
0.0049881711417212315 0.026758077220883875 
0.006155829702431115 0.029721770138255273 
0.007445336922613066 0.032681826991058184 
0.00885637463565564 0.03563771198977414 
0.010388594689117125 0.038588855887779376 
0.012041619030626283 0.04153464892393949 
0.013815039801161721 0.04447443318677333 
0.015708419435684462 0.04740749452000721 
0.01772129077110096 0.05033305411447399 
0.019853157161528467 0.05325025995345698 
0.02210349260083494 0.05615817829710723 
0.024471741852423234 0.05905578540589054 
0.02695732058622735 0.06194195971268596 
0.029559615522887273 0.06481547465779518 
0.03227798458506631 0.06767499240048615 
0.035111757055874326 0.07051905861468011 
0.03806023374435663 0.07334609856499578 
0.04112268715800943 0.07615441464275217 
0.044298361682277354 0.07894218551996114 
0.04758647376699027 0.081707467053222 
0.050986212119692176 0.08444819503927167 
0.05449673790581605 0.08716218989037028 
0.05811718495565327 0.08984716326140985 
0.06184665997806821 0.09250072662243312 
0.0656842427809044 0.09512040173095711 
0.06962898649802818 0.09770363291900647 
0.07367991782295391 0.10024780107098269 
0.07783603724899246 0.1027502391312966 
0.08209631931586486 0.10520824894598192 
0.08645971286271908 0.1076191192110801 
0.0909251412874883 0.10998014427323556 
0.09549150281252627 0.11228864350532161 
0.10015767075645471 0.11454198096264173 
0.10492249381215485 0.11673758501375428 
0.10978479633083515 0.11887296763463284 
0.11474337861210543 0.12094574305586864 
0.11979701719998453 0.12295364546005637 
0.1249444651847702 0.12489454544026034 
0.13018445251069516 0.12676646495036178 
0.13551568628929422 0.12856759050373767 
0.1409368511184056 0.13029628440766294 
0.14644660940672627 0.1319510938564253 
0.15204360170384285 0.1335307577456757 
0.1577264470356557 0.13503421111319414 
0.16349374324511334 0.13646058715613177 
0.1693440673381741 0.1378092168209467 
0.17527597583490823 0.13907962600867968 
0.18128800512565518 0.14027153048394678 
0.1873786718321474 0.14138482862001875 
0.19354647317351176 0.14241959215370303 
0.199789887337058 0.1433760551614694 
0.2061073738537635 0.14425460150160127 
0.21249737397836077 0.14505575099529064 
0.2189583110739347 0.1457801446419612 
0.22548859100093416 0.1464285291801439 
0.23208660251050173 0.14700174131459628 
0.23875071764202555 0.14750069193282353 
0.2454792921248144 0.14792635062964804 
0.2522706657837962 0.14827973084707666 
0.2591231629491424 0.1485618759186698 
0.26603509286971333 0.14877384628329626 
0.2730047501302266 0.1489167081031229 
0.28003041507204246 0.1489915234855665 
0.28711035421746367 0.14899934246952398 
0.2942428206974457 0.14894119689336838 
0.30142605468260975 0.14881809621690917 
0.3086582838174551 0.14863102532277364 
0.31593772365766104 0.14838094427554532 
0.3232625781103714 0.14806878997053508 
0.33063103987735437 0.1476954795593393 
0.3380412909009253 0.14726191549735992 
0.3454915028125263 0.14676899202019386 
0.3529798373838481 0.14621760282212648 
0.36050444698038536 0.14560864968165665 
0.3680634750173136 0.1449430517567153 
0.37565505641757263 0.14422175525652983 
0.38327731807204735 0.14344574318832187 
0.39092837930172875 0.14261604487542495 
0.39860635232174374 0.14173374494903715 
0.40630934270713776 0.14079999152856823 
0.4140354498602952 0.13981600332514885 
0.42178276747988463 0.13878307542889798 
0.4295493840312087 0.13770258357243922 
0.43733338321784787 0.1365759867001739 
0.4451328444544774 0.13540482771416687 
0.45294584334074284 0.13419073231219375 
0.4607704521360776 0.13293540588055186 
0.4686047402353434 0.13164062845254793 
0.47644677464517865 0.1303082477920322 
0.4842946204609359 0.12894017070882122 
0.4921463413440897 0.12753835275822248 
0.5000000000000001 0.12610478651906673 
0.5078536586559104 0.12464148868267066 
0.5157053795390641 0.12315048621804282 
0.5235532253548214 0.12163380190563367 
0.5313952597646567 0.12009343955229833 
0.5392295478639225 0.1185313692133727 
0.5470541566592572 0.11694951275347107 
0.5548671555455226 0.11534973007558631 
0.5626666167821521 0.11373380633827929 
0.5704506159687913 0.11210344046332257 
0.5782172325201155 0.11046023521142989 
0.5859645501397048 0.10880568907214865 
0.5936906572928624 0.10714119017625989 
0.6013936476782563 0.1054680123959176 
0.6090716206982713 0.10378731375018682 
0.6167226819279528 0.10210013718264795 
0.6243449435824274 0.10040741372444383 
0.6319365249826865 0.09870996800174266 
0.6394955530196147 0.0970085259923074 
0.647020162616152 0.09530372488292493 
0.6545084971874737 0.09359612482908837 
0.6619587090990747 0.09188622237170968 
0.6693689601226458 0.09017446522387475 
0.6767374218896286 0.08846126810474765 
0.684062276342339 0.08674702926857056 
0.6913417161825449 0.08503214735503921 
0.6985739453173904 0.08331703817374767 
0.7057571793025544 0.08160215103030508 
0.7128896457825363 0.079887984205363 
0.7199695849279576 0.07817509921018725 
0.7269952498697734 0.07646413346341663 
0.7339649071302868 0.07475581106291283 
0.7408768370508577 0.0730509513635962 
0.7477293342162038 0.07135047511615922 
0.7545207078751857 0.06965540797168623 
0.7612492823579744 0.0679668812124548 
0.7679133974894985 0.06628612962841254 
0.7745114089990659 0.06461448652076301 
0.7810416889260654 0.06295337587743377 
0.7875026260216393 0.06130430182857854 
0.7938926261462365 0.05966883555228981 
0.8002101126629422 0.05804859986000803 
0.8064535268264883 0.05644525174637646 
0.8126213281678526 0.05486046323824883 
0.8187119948743449 0.05329590092106954 
0.8247240241650917 0.05175320455686622 
0.830655932661826 0.0502339652357637 
0.8365062567548867 0.048739703521528795 
0.8422735529643444 0.04727184806066805 
0.8479563982961571 0.04583171512371574 
0.8535533905932737 0.04442048953644257 
0.8590631488815945 0.04303920743790655 
0.8644843137107059 0.041688741271859606 
0.8698155474893049 0.04036978737855195 
0.8750555348152298 0.039082856506160814 
0.8802029828000155 0.037828267505821765 
0.8852566213878947 0.03660614441263747 
0.8902152036691648 0.035416417048304186 
0.8950775061878452 0.03425882521047394 
0.8998423292435453 0.03313292644110154 
0.9045084971874737 0.03203810729230715 
0.9090748587125118 0.030973597935259035 
0.913540287137281 0.029938489886775825 
0.9179036806841352 0.02893175656126829 
0.9221639627510075 0.027952276293726545 
0.9263200821770462 0.02699885742404907 
0.9303710135019718 0.026070264985327586 
0.9343157572190957 0.02516524849980906 
0.9381533400219317 0.024282570357052065 
0.9418828150443468 0.023421034229969745 
0.945503262094184 0.022579512976501903 
0.9490137878803079 0.021756975477840286 
0.9524135262330098 0.020952511878489094 
0.9557016383177226 0.020165356718772207 
0.9588773128419905 0.0193949094862818 
0.9619397662556435 0.01864075215854895 
0.9648882429441257 0.01790266336405202 
0.9677220154149337 0.017180628851511906 
0.9704403844771128 0.01647484802703901 
0.9730426794137726 0.015785736393717744 
0.9755282581475768 0.015113923807164639 
0.9778965073991651 0.014460248541886354 
0.9801468428384715 0.013825747245267432 
0.982278709228899 0.01321164093707326 
0.9842915805643155 0.012619317290813921 
0.9861849601988384 0.01205030950757743 
0.9879583809693737 0.011506272161483158 
0.9896114053108829 0.010988954457311746 
0.9911436253643444 0.010500171393866756 
0.9925546630773869 0.010041773370103004 
0.9938441702975689 0.009615614804104418 
0.9950118288582788 0.009223522356902873 
0.996057350657239 0.008867263363410635 
0.9969804777275899 0.008548515071155526 
0.99778098230154 0.008268835274043138 
0.998458666866564 0.008029634903270135 
0.9990133642141358 0.007832153101243047 
0.9994449374809851 0.007677435257622973 
0.9997532801828658 0.007566314430336209 
0.9999383162408303 0.007499396509668554 
1.0 0.007477049411691052 
