1.0 -0.00613 
0.9999383162408303 -0.0061182946624187455 
0.9997532801828658 -0.006083232532475523 
0.9994449374809851 -0.0060249749972492855 
0.9990133642141358 -0.005943790168956624 
0.998458666866564 -0.005840051602378772 
0.99778098230154 -0.005714236532515132 
0.9969804777275899 -0.005566923664926162 
0.996057350657239 -0.005398790559382897 
0.9950118288582788 -0.005210610654783946 
0.9938441702975689 -0.00500324998967599 
0.9925546630773869 -0.004777663677987846 
0.9911436253643444 -0.004534892203642671 
0.9896114053108829 -0.004276057600449131 
0.9879583809693737 -0.00400235958502049 
0.9861849601988384 -0.0037150717103753474 
0.9842915805643155 -0.0034155376063163293 
0.982278709228899 -0.003105167369659847 
0.9801468428384715 -0.0027854341629316537 
0.9778965073991651 -0.002457871074303965 
0.9755282581475768 -0.0021240682844076457 
0.9730426794137726 -0.0017856705773157972 
0.9704403844771128 -0.0014443752235891978 
0.9677220154149337 -0.0011019302529517707 
0.9648882429441257 -0.0007601331230958682 
0.9619397662556435 -0.00042082977949051224 
0.9588773128419905 -8.591408908440422e-05 
0.9557016383177226 0.0002426723813247697 
0.9524135262330098 0.000562940283322484 
0.9490137878803079 0.0008728521547036452 
0.945503262094184 0.0011703219010721607 
0.9418828150443468 0.0014532141658101872 
0.9381533400219317 0.0017193436724428617 
0.9343157572190957 0.0019664746316547426 
0.9303710135019718 0.002192320312049907 
0.9263200821770462 0.0023945428790085495 
0.9221639627510075 0.00257075360952325 
0.9179036806841352 0.0027185135925619714 
0.913540287137281 0.0028353350241980485 
0.9090748587125118 0.0029186832043916694 
0.9045084971874737 0.002965979337858949 
0.8998423292435453 0.002974604234911601 
0.8950775061878452 0.002941902999516126 
0.8902152036691648 0.0028651907811652246 
0.8852566213878947 0.002741759654569651 
0.8802029828000155 0.0025688866767955123 
0.8750555348152298 0.0023438431554531347 
0.8698155474893049 0.0020639051440842406 
0.8644843137107059 0.0017263651622203774 
0.8590631488815945 0.0013285451179496895 
0.8535533905932737 0.0008678103905085926 
0.8479563982961571 0.0003415850097065057 
0.8422735529643444 -0.00025263215179062437 
0.8365062567548867 -0.000917250277824128 
0.830655932661826 -0.0016545687242096648 
0.8247240241650917 -0.002466758493798591 
0.8187119948743449 -0.0033558432324143914 
0.8126213281678526 -0.004323679923172997 
0.8064535268264883 -0.005371939471050807 
0.8002101126629422 -0.006502087381768827 
0.7938926261462365 -0.007715364748846923 
0.7875026260216393 -0.009012769769824097 
0.7810416889260654 -0.01039504001694163 
0.7745114089990659 -0.011862635688883186 
0.7679133974894985 -0.013415724068353205 
0.7612492823579744 -0.015054165405270954 
0.7545207078751857 -0.01677750043714361 
0.7477293342162038 -0.018584939746784906 
0.7408768370508577 -0.02047535514303045 
0.7339649071302868 -0.022447273232603402 
0.7269952498697734 -0.02449887133096485 
0.7199695849279576 -0.02662797583706888 
0.7128896457825363 -0.028832063171694913 
0.7057571793025544 -0.031108263351750622 
0.6985739453173904 -0.03345336624397961 
0.6913417161825449 -0.03586383051123443 
0.684062276342339 -0.03833579523330016 
0.6767374218896286 -0.040865094152596634 
0.6693689601226458 -0.04344727246339312 
0.6619587090990747 -0.04607760603188665 
0.6545084971874737 -0.048751122904078695 
0.647020162616152 -0.051462626929281136 
0.6394955530196147 -0.05420672329972812 
0.6319365249826865 -0.056977845781581646 
0.6243449435824274 -0.05977028538999004 
0.6167226819279528 -0.06257822024114243 
0.6090716206982713 -0.06539574629778698 
0.6013936476782563 -0.06821690871171507 
0.5936906572928624 -0.0710357334574929 
0.5859645501397048 -0.07384625894641018 
0.5782172325201155 -0.07664256730834376 
0.5704506159687913 -0.07941881503204547 
0.5626666167821521 -0.08216926266127049 
0.5548671555455226 -0.08488830325508928 
0.5470541566592572 -0.08757048933555675 
0.5392295478639225 -0.09021055806445773 
0.5313952597646567 -0.09280345441286733 
0.5235532253548214 -0.09534435211246435 
0.5157053795390641 -0.09782867220556726 
0.5078536586559104 -0.10025209904133671 
0.5000000000000001 -0.10261059359807796 
0.4921463413440897 -0.1049004040456151 
0.4842946204609359 -0.10711807349681274 
0.47644677464517865 -0.10926044493298849 
0.4686047402353434 -0.11132466332365822 
0.4607704521360776 -0.11330817499630451 
0.45294584334074284 -0.11520872434609558 
0.4451328444544774 -0.11702434800826586 
0.43733338321784787 -0.11875336664668092 
0.4295493840312087 -0.12039437454053081 
0.42178276747988463 -0.1219462271767118 
0.4140354498602952 -0.12340802707789973 
0.40630934270713776 -0.12477910811527931 
0.39860635232174374 -0.12605901857011256 
0.39092837930172875 -0.12724750321959205 
0.38327731807204735 -0.12834448472961377 
0.37565505641757263 -0.1293500446401138 
0.3680634750173136 -0.13026440422745417 
0.36050444698038536 -0.13108790552305447 
0.3529798373838481 -0.13182099275817052 
0.3454915028125263 -0.13246419449158914 
0.3380412909009253 -0.1330181066602824 
0.33063103987735437 -0.13348337677303154 
0.3232625781103714 -0.13386068944402993 
0.31593772365766104 -0.13415075343788452 
0.3086582838174551 -0.13435429036969262 
0.30142605468260975 -0.13447202517439538 
0.2942428206974457 -0.13450467842890834 
0.28711035421746367 -0.1344529605790627 
0.28003041507204246 -0.13431756809166742 
0.2730047501302266 -0.1340991815205068 
0.26603509286971333 -0.13379846544430551 
0.2591231629491424 -0.13341607020509638 
0.2522706657837962 -0.13295263534743698 
0.2454792921248144 -0.13240879463297126 
0.23875071764202555 -0.13178518248127963 
0.23208660251050173 -0.13108244166713615 
0.22548859100093416 -0.13030123208647085 
0.2189583110739347 -0.12944224038876082 
0.21249737397836077 -0.1285061902623938 
0.2061073738537635 -0.12749385315189718 
0.199789887337058 -0.12640605918185757 
0.19354647317351176 -0.12524370806185378 
0.1873786718321474 -0.12400777974975852 
0.18128800512565518 -0.12269934465718917 
0.17527597583490823 -0.12131957319055717 
0.1693440673381741 -0.11986974443386471 
0.16349374324511334 -0.11835125379484886 
0.1577264470356557 -0.11676561945401295 
0.15204360170384285 -0.11511448747614164 
0.14644660940672627 -0.1133996354657537 
0.1409368511184056 -0.11162297467119105 
0.13551568628929422 -0.1097865504663162 
0.13018445251069516 -0.10789254116366635 
0.1249444651847702 -0.10594325513801817 
0.11979701719998453 -0.10394112626424809 
0.11474337861210543 -0.10188870769776179 
0.10978479633083515 -0.09978866404925123 
0.10492249381215485 -0.09764376202778734 
0.10015767075645471 -0.09545685964698154 
0.09549150281252627 -0.09323089410785762 
0.0909251412874883 -0.09096886848897061 
0.08645971286271908 -0.08867383738896942 
0.08209631931586486 -0.08634889167910859 
0.07783603724899246 -0.08399714253304193 
0.07367991782295391 -0.08162170490854458 
0.06962898649802818 -0.07922568066056353 
0.0656842427809044 -0.07681214146725007 
0.06184665997806821 -0.0743841117504126 
0.05811718495565327 -0.0719445517692751 
0.05449673790581605 -0.06949634106164732 
0.050986212119692176 -0.06704226239979624 
0.04758647376699027 -0.06458498641961809 
0.044298361682277354 -0.06212705707138511 
0.04112268715800943 -0.059670878028586026 
0.03806023374435663 -0.05721870017843883 
0.035111757055874326 -0.0547726103037817 
0.03227798458506631 -0.05233452105146592 
0.029559615522887273 -0.04990616226734453 
0.02695732058622735 -0.04748907376268872 
0.024471741852423234 -0.045084599561600804 
0.02210349260083494 -0.042693883663921225 
0.019853157161528467 -0.04031786734344366 
0.01772129077110096 -0.03795728798710663 
0.015708419435684462 -0.03561267946737684 
0.013815039801161721 -0.03328437402737801 
0.012041619030626283 -0.030972505646552663 
0.010388594689117125 -0.02867701484382853 
0.00885637463565564 -0.02639765486543876 
0.007445336922613066 -0.024133999195736076 
0.006155829702431115 -0.021885450321527364 
0.0049881711417212315 -0.019651249673631545 
0.003942649342761062 -0.017430488663461544 
0.0030195222724101467 -0.015222120727423828 
0.002219017698460002 -0.01302497428771525 
0.001541333133436018 -0.01083776653463439 
0.0009866357858642205 -0.008659117932704314 
0.0005550625190149927 -0.006487567350662751 
0.0002467198171342 -0.004321587713627542 
6.168375916970614e-05 -0.002159602074413443 
0.0 0.0 
6.168375916970614e-05 0.0025147975634482187 
0.0002467198171342 0.005031070919647261 
0.0005550625190149927 0.007549475428959753 
0.0009866357858642205 0.010070634676298379 
0.001541333133436018 0.012595125126244364 
0.002219017698460002 0.01512346130374346 
0.0030195222724101467 0.017656081664479798 
0.003942649342761062 0.020193335309758788 
0.0049881711417212315 0.022735469689417902 
0.006155829702431115 0.02528261942311 
0.007445336922613066 0.02783479635547421 
0.00885637463565564 0.03039188094444362 
0.010388594689117125 0.032953615064512734 
0.012041619030626283 0.035519596288435575 
0.013815039801161721 0.03808927369186566 
0.015708419435684462 0.04066194520613335 
0.01772129077110096 0.04323675652500641 
0.019853157161528467 0.04581270155215787 
0.02210349260083494 0.04838862435747088 
0.024471741852423234 0.05096322259250046 
0.02695732058622735 0.05353505229864503 
0.029559615522887273 0.05610253402608645 
0.03227798458506631 0.05866396016754189 
0.035111757055874326 0.06121750339852318 
0.03806023374435663 0.06376122610525697 
0.04112268715800943 0.06629309067281687 
0.044298361682277354 0.06881097049942674 
0.04758647376699027 0.07131266159837611 
0.050986212119692176 0.07379589464655152 
0.05449673790581605 0.07625834733822064 
0.05811718495565327 0.07869765690434516 
0.06184665997806821 0.08111143266127935 
0.0656842427809044 0.08349726845809995 
0.06962898649802818 0.08585275489887628 
0.07367991782295391 0.08817549122477249 
0.07783603724899246 0.09046309675076386 
0.08209631931586486 0.09271322176277476 
0.08645971286271908 0.0949235577929577 
0.0909251412874883 0.09709184720343483 
0.09549150281252627 0.09921589202185496 
0.10015767075645471 0.10129356198537984 
0.10492249381215485 0.10332280176294041 
0.10978479633083515 0.10530163733861365 
0.11474337861210543 0.10722818155151581 
0.11979701719998453 0.10910063879953225 
0.1249444651847702 0.11091730892529361 
0.13018445251069516 0.11267659031294344 
0.13551568628929422 0.11437698223325624 
0.1409368511184056 0.1160170864824806 
0.14644660940672627 0.11759560836679736 
0.15204360170384285 0.11911135708944821 
0.1577264470356557 0.12056324560138706 
0.16349374324511334 0.12195028997871904 
0.1693440673381741 0.12327160839126583 
0.17527597583490823 0.12452641972635514 
0.18128800512565518 0.125714041930485 
0.1873786718321474 0.12683389012891533 
0.19354647317351176 0.1278854745796449 
0.199789887337058 0.12886839851372717 
0.2061073738537635 0.1297823559086489 
0.21249737397836077 0.13062712923565123 
0.2189583110739347 0.13140258721560547 
0.22548859100093416 0.13210868261150144 
0.23208660251050173 0.13274545007893357 
0.23875071764202555 0.13331300408934108 
0.2454792921248144 0.1338115369343056 
0.2522706657837962 0.1342413168130877 
0.2591231629491424 0.13460268599991668 
0.26603509286971333 0.1348960590824302 
0.2730047501302266 0.1351219212582205 
0.28003041507204246 0.13528082667272767 
0.28711035421746367 0.1353733967788023 
0.2942428206974457 0.1354003186961783 
0.30142605468260975 0.13536234354786664 
0.3086582838174551 0.13526028475009594 
0.31593772365766104 0.13509501623287765 
0.3232625781103714 0.13486747056951157 
0.33063103987735437 0.13457863699531963 
0.3380412909009253 0.1342295592985304 
0.3454915028125263 0.13382133356944584 
0.3529798373838481 0.13335510579771664 
0.36050444698038536 0.13283206931161165 
0.3680634750173136 0.132253462057498 
0.37565505641757263 0.1316205637222233 
0.38327731807204735 0.13093469270559363 
0.39092837930172875 0.13019720295456155 
0.39860635232174374 0.12940948067496655 
0.40630934270713776 0.12857294094058763 
0.4140354498602952 0.12768902422279915 
0.42178276747988463 0.12675919286716333 
0.4295493840312087 0.1257849275457855 
0.43733338321784787 0.1247677237161255 
0.4451328444544774 0.12370908811818089 
0.45294584334074284 0.12261053534247707 
0.4607704521360776 0.12147358450112403 
0.4686047402353434 0.12029975603332331 
0.47644677464517865 0.1190905686751487 
0.4842946204609359 0.11784753662121865 
0.4921463413440897 0.1165721669030739 
0.5000000000000001 0.11526595700572069 
0.5078536586559104 0.11393039273999664 
0.5157053795390641 0.11256694638420345 
0.5235532253548214 0.11117707510396448 
0.5313952597646567 0.10976221965455907 
0.5392295478639225 0.10832380336518958 
0.5470541566592572 0.10686323139983257 
0.5548671555455226 0.10538189028462326 
0.5626666167821521 0.1038811476872125 
0.5704506159687913 0.102362352429318 
0.5782172325201155 0.10082683470984266 
0.5859645501397048 0.0992759065125402 
0.5936906572928624 0.09771086216933143 
0.6013936476782563 0.09613297904807393 
0.6090716206982713 0.09454351833190586 
0.6167226819279528 0.09294372585625343 
0.6243449435824274 0.0913348329692267 
0.6319365249826865 0.08971805738143561 
0.6394955530196147 0.08809460397222636 
0.647020162616152 0.0864656655209439 
0.6545084971874737 0.08483242333403548 
0.6619587090990747 0.08319604774157219 
0.6693689601226458 0.08155769844002599 
0.6767374218896286 0.07991852466182751 
0.684062276342339 0.07827966515627229 
0.6913417161825449 0.07664224797065813 
0.6985739453173904 0.07500739002503715 
0.7057571793025544 0.07337619647856389 
0.7128896457825363 0.07174975989002978 
0.7199695849279576 0.07012915917969936 
0.7269952498697734 0.06851545840392588 
0.7339649071302868 0.06690970535813652 
0.7408768370508577 0.06531293002756784 
0.7477293342162038 0.06372614290853017 
0.7545207078751857 0.06215033322592745 
0.7612492823579744 0.06058646707520312 
0.7679133974894985 0.05903548551878585 
0.7745114089990659 0.057498302668441734 
0.7810416889260654 0.055975803785679845 
0.7875026260216393 0.05446884343250895 
0.7938926261462365 0.05297824370439558 
0.8002101126629422 0.05150479257625806 
0.8064535268264883 0.05004924239076326 
0.8126213281678526 0.04861230851611108 
0.8187119948743449 0.04719466819794759 
0.8247240241650917 0.04579695962708102 
0.830655932661826 0.04441978124135773 
0.8365062567548867 0.043063691276444646 
0.8422735529643444 0.041729207576428756 
0.8479563982961571 0.040416807671161355 
0.8535533905932737 0.03912692912320598 
0.8590631488815945 0.03785997014317778 
0.8644843137107059 0.03661629046824972 
0.8698155474893049 0.03539621249472155 
0.8750555348152298 0.034200022651861436 
0.8802029828000155 0.0330279730007965 
0.8852566213878947 0.03188028303910142 
0.8902152036691648 0.030757141688958083 
0.8950775061878452 0.029658709444373113 
0.8998423292435453 0.028585120650976594 
0.9045084971874737 0.02753648589040172 
0.9090748587125118 0.026512894440183274 
0.913540287137281 0.025514416779512536 
0.9179036806841352 0.0245411071110475 
0.9221639627510075 0.023593005869292735 
0.9263200821770462 0.02267014218681128 
0.9303710135019718 0.0217725362906928 
0.9343157572190957 0.02090020180324336 
0.9381533400219317 0.02005314792275335 
0.9418828150443468 0.01923138146239491 
0.945503262094184 0.01843490872776391 
0.9490137878803079 0.017663737216260134 
0.9524135262330098 0.01691787712435404 
0.9557016383177226 0.016197342651763345 
0.9588773128419905 0.015502153094615466 
0.9619397662556435 0.014832333722751959 
0.9648882429441257 0.014187916439393853 
0.9677220154149337 0.013568940224387274 
0.9704403844771128 0.012975451365149805 
0.9730426794137726 0.012407503482194507 
0.9755282581475768 0.011865157358696662 
0.9778965073991651 0.01134848058594841 
0.9801468428384715 0.010857547038699109 
0.982278709228899 0.01039243619628093 
0.9842915805643155 0.009953232327052591 
0.9861849601988384 0.009540023555046838 
0.9879583809693737 0.009152900828772011 
0.9896114053108829 0.008791956812887886 
0.9911436253643444 0.008457284723954274 
0.9925546630773869 0.008148977131636209 
0.9938441702975689 0.007867124746651796 
0.9950118288582788 0.007611815216377209 
0.996057350657239 0.007383131948385877 
0.9969804777275899 0.007181152981316848 
0.99778098230154 0.007005949921349493 
0.998458666866564 0.0068575869612329315 
0.9990133642141358 0.00673611999729336 
0.9994449374809851 0.0066415958581437584 
0.9997532801828658 0.006574051656971077 
0.9999383162408303 0.006533514277294156 
1.0 0.00652 
