1.0 -0.002578470011117963 
0.9999383162408303 -0.0025741827149010983 
0.9997532801828658 -0.002561262836318115 
0.9994449374809851 -0.0025395381112473044 
0.9990133642141358 -0.0025087270841388535 
0.998458666866564 -0.002468447465782734 
0.99778098230154 -0.0024182275983236686 
0.9969804777275899 -0.002357520797588019 
0.996057350657239 -0.0022857222854096642 
0.9950118288582788 -0.0022021883732538205 
0.9938441702975689 -0.0021062575140967967 
0.9925546630773869 -0.0019972728031335167 
0.9911436253643444 -0.0018746054801863311 
0.9896114053108829 -0.0017376789682220493 
0.9879583809693737 -0.0015859929734958424 
0.9861849601988384 -0.0014191471736656569 
0.9842915805643155 -0.0012368640306895703 
0.982278709228899 -0.0010390102851487008 
0.9801468428384715 -0.0008256167173503475 
0.9778965073991651 -0.0005968957974897984 
0.9755282581475768 -0.00035325689143788806 
0.9730426794137726 -9.531873937659299e-05 
0.9704403844771128 0.00017608101960800687 
0.9677220154149337 0.0004598794439865297 
0.9648882429441257 0.0007547851117601406 
0.9619397662556435 0.001059278208552577 
0.9588773128419905 0.0013716138586580022 
0.9557016383177226 0.001689828613578173 
0.9524135262330098 0.0020117499530801102 
0.9490137878803079 0.002335008598364242 
0.945503262094184 0.002657053386721991 
0.9418828150443468 0.002975168413116383 
0.9381533400219317 0.0032864921073325554 
0.9343157572190957 0.003588037886440026 
0.9303710135019718 0.0038767160018268487 
0.9263200821770462 0.004149356188352705 
0.9221639627510075 0.004402730720371045 
0.9179036806841352 0.00463357748542856 
0.913540287137281 0.004838622701106228 
0.9090748587125118 0.005014602923262619 
0.9045084971874737 0.005158286024240685 
0.8998423292435453 0.005266490856594691 
0.8950775061878452 0.005336105360629494 
0.8902152036691648 0.005364102921434751 
0.8852566213878947 0.005347556831957989 
0.8802029828000155 0.005283652771731862 
0.8750555348152298 0.005169699264848969 
0.8698155474893049 0.005003136134342258 
0.8644843137107059 0.004781541021977639 
0.8590631488815945 0.004502634091339974 
0.8535533905932737 0.0041642810768127295 
0.8479563982961571 0.0037644948805347174 
0.8422735529643444 0.003301435952713346 
0.8365062567548867 0.0027734117169800243 
0.830655932661826 0.0021788753211560135 
0.8247240241650917 0.0015164240044054176 
0.8187119948743449 0.000784797374031399 
0.8126213281678526 -1.7124120937476485e-05 
0.8064535268264883 -0.0008903202465698273 
0.8002101126629422 -0.0018356313207070988 
0.7938926261462365 -0.0028537576085368964 
0.7875026260216393 -0.003945257592352748 
0.7810416889260654 -0.005110544972797669 
0.7745114089990659 -0.00634988430563273 
0.7679133974894985 -0.007663385228416871 
0.7612492823579744 -0.009050995284183478 
0.7545207078751857 -0.010512491402952694 
0.7477293342162038 -0.012047470155389161 
0.7408768370508577 -0.013655336944748792 
0.7339649071302868 -0.015335294352147161 
0.7269952498697734 -0.01708632989485394 
0.7199695849279576 -0.01890720349660148 
0.7128896457825363 -0.02079643500172841 
0.7057571793025544 -0.022752292090432728 
0.6985739453173904 -0.02477277896972995 
0.6913417161825449 -0.026855626223309007 
0.684062276342339 -0.02899828220297314 
0.6767374218896286 -0.031197906334557754 
0.6693689601226458 -0.0334513646921651 
0.6619587090990747 -0.03575522816648675 
0.6545084971874737 -0.038105773516351 
0.647020162616152 -0.04049898754808513 
0.6394955530196147 -0.04293057461565733 
0.6319365249826865 -0.04539596757687433 
0.6243449435824274 -0.04789034227831282 
0.6167226819279528 -0.05040863557543936 
0.6090716206982713 -0.05294556682590867 
0.6013936476782563 -0.05549566272476754 
0.5936906572928624 -0.05805328528172282 
0.5859645501397048 -0.06061266267423667 
0.5782172325201155 -0.06316792264746204 
0.5704506159687913 -0.06571312807431426 
0.5626666167821521 -0.06824231423760463 
0.5548671555455226 -0.07074952735232316 
0.5470541566592572 -0.07322886381088368 
0.5392295478639225 -0.07567450960830759 
0.5313952597646567 -0.07808077938858834 
0.5235532253548214 -0.0804421545483213 
0.5157053795390641 -0.08275331983933987 
0.5078536586559104 -0.08500919792859882 
0.5000000000000001 -0.08720498140067222 
0.4921463413440897 -0.08933616172555915 
0.4842946204609359 -0.09139855476136238 
0.47644677464517865 -0.09338832241696987 
0.4686047402353434 -0.09530199016307592 
0.4607704521360776 -0.0971364601495381 
0.45294584334074284 -0.09888901976179504 
0.4451328444544774 -0.10055734552744222 
0.43733338321784787 -0.10213950236449762 
0.4295493840312087 -0.1036339382438086 
0.42178276747988463 -0.1050394744178344 
0.4140354498602952 -0.10635529144508588 
0.40630934270713776 -0.10758091131226857 
0.39860635232174374 -0.10871617602320176 
0.39092837930172875 -0.10976122308350487 
0.38327731807204735 -0.11071645836167997 
0.37565505641757263 -0.11158252684950197 
0.3680634750173136 -0.11236028187674116 
0.36050444698038536 -0.1130507533565279 
0.3529798373838481 -0.11365511564772862 
0.3454915028125263 -0.11417465561933518 
0.3380412909009253 -0.11461074148914342 
0.33063103987735437 -0.11496479298519266 
0.3232625781103714 -0.1152382533440641 
0.31593772365766104 -0.11543256361593254 
0.3086582838174551 -0.11554913969316419 
0.30142605468260975 -0.11558935241836034 
0.2942428206974457 -0.11555451106034464 
0.28711035421746367 -0.11544585037407994 
0.28003041507204246 -0.11526452138437976 
0.2730047501302266 -0.11501158595513071 
0.26603509286971333 -0.11468801512716507 
0.2591231629491424 -0.11429469113054203 
0.2522706657837962 -0.11383241290237098 
0.2454792921248144 -0.11330190487097436 
0.23875071764202555 -0.1127038287025438 
0.23208660251050173 -0.11203879764878558 
0.22548859100093416 -0.11130739308450911 
0.2189583110739347 -0.11051018278366284 
0.21249737397836077 -0.10964774045169767 
0.2061073738537635 -0.10872066601191678 
0.199789887337058 -0.10772960613397002 
0.19354647317351176 -0.1066752744939626 
0.1873786718321474 -0.10555847126766185 
0.18128800512565518 -0.10438010138063016 
0.17527597583490823 -0.10314119107122431 
0.1693440673381741 -0.10184290236351741 
0.16349374324511334 -0.10048654509633795 
0.1577264470356557 -0.09907358621069626 
0.15204360170384285 -0.09760565605958213 
0.14644660940672627 -0.09608455157014194 
0.1409368511184056 -0.09451223615709359 
0.13551568628929422 -0.0928908363564511 
0.13018445251069516 -0.09122263521866614 
0.1249444651847702 -0.08951006256868237 
0.11979701719998453 -0.08775568230568145 
0.11474337861210543 -0.08596217697612157 
0.10978479633083515 -0.0841323299087741 
0.10492249381215485 -0.08226900524873298 
0.10015767075645471 -0.08037512626786171 
0.09549150281252627 -0.07845365236104691 
0.0909251412874883 -0.07650755516040218 
0.08645971286271908 -0.07453979421279386 
0.08209631931586486 -0.07255329266961152 
0.07783603724899246 -0.07055091343160352 
0.07367991782295391 -0.06853543617612519 
0.06962898649802818 -0.06650953566974978 
0.0656842427809044 -0.0644757617365472 
0.06184665997806821 -0.06243652121225804 
0.05811718495565327 -0.06039406216808569 
0.05449673790581605 -0.05835046063600131 
0.050986212119692176 -0.056307610011553225 
0.04758647376699027 -0.054267213251474954 
0.044298361682277354 -0.05223077792327047 
0.04112268715800943 -0.050199614103775075 
0.03806023374435663 -0.048174835064803946 
0.035111757055874326 -0.046157360627730674 
0.03227798458506631 -0.04414792301640198 
0.029559615522887273 -0.042147074990346596 
0.02695732058622735 -0.040155199998774094 
0.024471741852423234 -0.038172524061249956 
0.02210349260083494 -0.03619912905386478 
0.019853157161528467 -0.03423496706070948 
0.01772129077110096 -0.03227987543983331 
0.015708419435684462 -0.03033359225073385 
0.013815039801161721 -0.028395771696718017 
0.012041619030626283 -0.02646599924991751 
0.010388594689117125 -0.024543806148875257 
0.00885637463565564 -0.022628682987802205 
0.007445336922613066 -0.020720092152043852 
0.006155829702431115 -0.01881747889504151 
0.0049881711417212315 -0.016920280897082987 
0.003942649342761062 -0.015027936194238494 
0.0030195222724101467 -0.013139889415877935 
0.002219017698460002 -0.011255596319782653 
0.001541333133436018 -0.0093745266638665 
0.0009866357858642205 -0.007496165501643 
0.0005550625190149927 -0.005620013033647009 
0.0002467198171342 -0.003745583187925699 
6.168375916970614e-05 -0.0018724011384505925 
0.0 0.0 
6.168375916970614e-05 0.0022063890876822968 
0.0002467198171342 0.004414131605483298 
0.0005550625190149927 0.006624207476584585 
0.0009866357858642205 0.00883756135759563 
0.001541333133436018 0.011055085571099237 
0.002219017698460002 0.013277603656396396 
0.0030195222724101467 0.015505854731114054 
0.003942649342761062 0.017740478845115953 
0.0049881711417212315 0.019982003494443765 
0.006155829702431115 0.022230831447023463 
0.007445336922613066 0.024487230013838648 
0.00885637463565564 0.02675132187945996 
0.010388594689117125 0.029023077584544147 
0.012041619030626283 0.03130230973046534 
0.013815039801161721 0.03358866895298493 
0.015708419435684462 0.035881641688117305 
0.01772129077110096 0.03818054972948984 
0.019853157161528467 0.04048455155285647 
0.02210349260083494 0.042792645360374054 
0.024471741852423234 0.04510367377511517 
0.02695732058622735 0.047416330095404816 
0.029559615522887273 0.04972916599923167 
0.03227798458506631 0.05204060057147534 
0.035111757055874326 0.054348930511269995 
0.03806023374435663 0.05665234136369407 
0.04112268715800943 0.05894891960933509 
0.044298361682277354 0.06123666543725248 
0.04758647376699027 0.06351350602156468 
0.050986212119692176 0.0657773091193664 
0.05449673790581605 0.0680258968079617 
0.05811718495565327 0.07025705918243212 
0.06184665997806821 0.07246856784029339 
0.0656842427809044 0.07465818898829146 
0.06962898649802818 0.07682369601710194 
0.07367991782295391 0.07896288140263402 
0.07783603724899246 0.08107356780755302 
0.08209631931586486 0.08315361827328878 
0.08645971286271908 0.0852009454108711 
0.0909251412874883 0.08721351951814571 
0.09549150281252627 0.08918937557092092 
0.10015767075645471 0.09112661905606023 
0.10492249381215485 0.09302343063509737 
0.10978479633083515 0.09487806964728694 
0.11474337861210543 0.09668887648075045 
0.11979701719998453 0.09845427385922581 
0.1249444651847702 0.10017276710954137 
0.13018445251069516 0.10184294349104665 
0.13551568628929422 0.10346347068255027 
0.1409368511184056 0.10503309453463008 
0.14644660940672627 0.10655063620527781 
0.15204360170384285 0.10801498880456838 
0.1577264470356557 0.10942511367928279 
0.16349374324511334 0.11078003647108838 
0.1693440673381741 0.11207884308197075 
0.17527597583490823 0.11332067567811463 
0.18128800512565518 0.11450472885843944 
0.1873786718321474 0.1156302461065847 
0.19354647317351176 0.11669651663549083 
0.199789887337058 0.11770287272199019 
0.2061073738537635 0.11864868761527962 
0.21249737397836077 0.11953337408800456 
0.2189583110739347 0.12035638368227769 
0.22548859100093416 0.1211172066855644 
0.23208660251050173 0.12181537285334015 
0.23875071764202555 0.12245045287710296 
0.2454792921248144 0.12302206057805065 
0.2522706657837962 0.12352985578886423 
0.2591231629491424 0.12397354786892023 
0.26603509286971333 0.1243528997821989 
0.2730047501302266 0.12466773265250525 
0.28003041507204246 0.12491793069763091 
0.28711035421746367 0.12510344643303156 
0.2942428206974457 0.12522430602669865 
0.30142605468260975 0.12528061468034155 
0.3086582838174551 0.12527256190791206 
0.31593772365766104 0.1252004265809912 
0.3232625781103714 0.12506458161166656 
0.33063103987735437 0.12486549814724986 
0.3380412909009253 0.12460374915747723 
0.3454915028125263 0.12428001230358546 
0.3529798373838481 0.12389507198973627 
0.36050444698038536 0.12344982051045537 
0.3680634750173136 0.12294525822284773 
0.37565505641757263 0.12238249268906481 
0.38327731807204735 0.12176273675252651 
0.39092837930172875 0.12108730553041705 
0.39860635232174374 0.1203576123246217 
0.40630934270713776 0.11957516347317572 
0.4140354498602952 0.1187415521840947 
0.42178276747988463 0.11785845141275428 
0.4295493840312087 0.11692760586242601 
0.43733338321784787 0.11595082320477858 
0.4451328444544774 0.11492996463280468 
0.45294584334074284 0.11386693487238889 
0.4607704521360776 0.11276367179033234 
0.4686047402353434 0.111622135745843 
0.47644677464517865 0.1104442988390785 
0.4842946204609359 0.10923213421415227 
0.4921463413440897 0.10798760557496667 
0.5000000000000001 0.10671265707026867 
0.5078536586559104 0.10540920369945782 
0.5157053795390641 0.10407912238293529 
0.5235532253548214 0.10272424383032151 
0.5313952597646567 0.10134634532682091 
0.5392295478639225 0.0999471445426131 
0.5470541566592572 0.09852829445265451 
0.5548671555455226 0.09709137943499058 
0.5626666167821521 0.09563791259495055 
0.5704506159687913 0.0941693343407983 
0.5782172325201155 0.09268701221393653 
0.5859645501397048 0.0911922419540329 
0.5936906572928624 0.08968624975686784 
0.6013936476782563 0.08817019566073155 
0.6090716206982713 0.08664517797623143 
0.6167226819279528 0.08511223865482538 
0.6243449435824274 0.08357236947364327 
0.6319365249826865 0.08202651889855961 
0.6394955530196147 0.0804755994743465 
0.647020162616152 0.07892049558033896 
0.6545084971874737 0.07736207138261329 
0.6619587090990747 0.07580117880937898 
0.6693689601226458 0.07423866537523276 
0.6767374218896286 0.07267538168217119 
0.684062276342339 0.07111218843079695 
0.6913417161825449 0.06954996278391733 
0.6985739453173904 0.06798960393658368 
0.7057571793025544 0.06643203776137112 
0.7128896457825363 0.0648782204150994 
0.7199695849279576 0.06332914081294631 
0.7269952498697734 0.06178582189765923 
0.7339649071302868 0.06024932065493579 
0.7408768370508577 0.058720726850601715 
0.7477293342162038 0.057201160490505845 
0.7545207078751857 0.05569176802961734 
0.7612492823579744 0.054193717382161014 
0.7679133974894985 0.05270819180928948 
0.7745114089990659 0.05123638278428903 
0.7810416889260654 0.0497794819571937 
0.7875026260216393 0.048338672360514263 
0.7938926261462365 0.04691511901516932 
0.8002101126629422 0.04550995911029086 
0.8064535268264883 0.044124291942053945 
0.8126213281678526 0.04275916880479695 
0.8187119948743449 0.0414155830322749 
0.8247240241650917 0.04009446038778143 
0.830655932661826 0.038796649999041415 
0.8365062567548867 0.03752291602721632 
0.8422735529643444 0.03627393024915917 
0.8479563982961571 0.03505026571836015 
0.8535533905932737 0.03385239165304091 
0.8590631488815945 0.0326806696798757 
0.8644843137107059 0.031535351539168 
0.8698155474893049 0.03041657833238681 
0.8750555348152298 0.02932438136620161 
0.8802029828000155 0.028258684619022048 
0.8852566213878947 0.02721930882705279 
0.8902152036691648 0.026205977157540108 
0.8950775061878452 0.025218322407749547 
0.8998423292435453 0.024255895639812522 
0.9045084971874737 0.02331817613443904 
0.9090748587125118 0.02240458252112908 
0.913540287137281 0.021514484919403876 
0.9179036806841352 0.020647217905167246 
0.9221639627510075 0.019802094098996754 
0.9263200821770462 0.0189784181592973 
0.9303710135019718 0.018175500953114442 
0.9343157572190957 0.017392673671217912 
0.9381533400219317 0.01662930165198 
0.9418828150443468 0.015884797680658876 
0.945503262094184 0.015158634536959658 
0.9490137878803079 0.014450356574102506 
0.9524135262330098 0.013759590126932616 
0.9557016383177226 0.013086052564630583 
0.9588773128419905 0.012429559825034173 
0.9619397662556435 0.011790032292103042 
0.9648882429441257 0.011167498905231383 
0.9677220154149337 0.010562099418471069 
0.9704403844771128 0.009974084758764072 
0.9730426794137726 0.009403815464446748 
0.9755282581475768 0.008851758218023618 
0.9778965073991651 0.00831848051992442 
0.9801468428384715 0.007804643582078771 
0.982278709228899 0.007310993551090017 
0.9842915805643155 0.006838351200006604 
0.9861849601988384 0.0063876002546471074 
0.9879583809693737 0.0059596745446447545 
0.9896114053108829 0.005555544190393419 
0.9911436253643444 0.005176201054516336 
0.9925546630773869 0.004822643700011864 
0.9938441702975689 0.004495862106606021 
0.9950118288582788 0.004196822401877387 
0.996057350657239 0.003926451864307746 
0.9969804777275899 0.003685624451534391 
0.99778098230154 0.003475147098784372 
0.998458666866564 0.0032957470198994787 
0.9990133642141358 0.003148060226719361 
0.9994449374809851 0.003032621462166697 
0.9997532801828658 0.0029498557185274952 
0.9999383162408303 0.0029000714855516607 
1.0 0.00288345584359092 
